12.9076415317
13.502154793
11.3938999046
13.8202736647
13.6218417305
16.7805816206
16.2413980104
16.1990878594
15.1635707854
13.6181775891
15.1284585433
14.5848665175
14.6576718841
14.872836445
13.9394685879
13.1569921184
14.6438863439
13.4069642305
14.5336970068
14.7180771353
14.4822837662
14.5119381812
14.4722035938
12.8509755347
14.4519547163
14.0468912788
14.1295175579
14.2709481664
13.0228158026
12.7123228721
14.1232286361
12.97124576
14.2384852058
14.0687040612
13.8202682963
13.4349148683
13.4614230739
12.3768762981
13.2915656121
12.5051915625
10.1787615161
10.3702171174
14.0186167721
18.541542795
16.815598232
11.3003999968
10.2516756544
9.68453109766
9.62157174693
9.04395940836
8.541111582
7.52840849625
7.65458364652
7.3201547959
9.4942465192
15.2352656665
14.5343942537
9.27774265953
10.7133564021
9.93177578473
15.7545734937
16.5322858543
15.9188702074
16.5408221563
15.3702827327
13.8389554509
15.1925133747
14.8470480718
13.7377881699
14.7183782579
13.7332116707
12.7385761706
14.3554292836
13.3869845558
14.2548199698
14.5707576581
14.1280441155
14.5820433241
14.1270663164
13.2422239217
14.4483965684
14.1147498452
13.7138741675
14.3502233779
13.3922162368
12.4660014411
14.0550592976
12.7793152609
13.8838968579
13.9285393053
13.6890438848
14.0980387919
13.6904374818
11.9591326528
13.0948954642
12.1321935252
10.7123977183
10.9398401667
15.3150013392
18.9769589168
12.9598388876
10.4434800226
10.4433850905
9.54123284233
9.26575317121
8.94813577444
8.60059030778
7.47605897513
7.42154780384
7.29841802716
9.84666893758
16.1535078736
11.0289780077
9.08362678498
10.779004532
9.55749163156
14.116309587
16.4486034671
15.4468052876
16.3680991928
15.2884464741
14.3199115086
15.2577428355
15.1264087188
14.7747293849
14.356455592
13.829944846
13.2114097868
14.4817732135
13.4839923751
14.5182330634
14.4931783245
13.8495408641
14.5706573177
14.4604971473
13.0999239763
14.3004700375
14.1765648703
14.1205187569
14.1303284432
13.3800759662
12.7399888817
13.770362814
12.8888863681
13.9545513462
13.5750938467
13.407134486
13.6624125118
13.6211982108
12.3014315978
12.694987797
11.9462864607
10.3604769855
10.9243845509
14.706121122
18.4024057474
12.2708292556
10.2834498754
10.188876818
9.26826604816
8.6890771627
8.8110194606
8.32239138494
7.07974145314
7.42576266846
7.16100605959
9.2589378625
15.3487761479
12.9590020439
8.74960985333
10.9946524626
9.52970449417
13.7032225577
16.6159036935
15.8245613561
16.3612167172
15.5788516677
13.7122084777
15.2374207996
15.2569619792
14.8241575618
13.1325974367
13.8003277402
13.4214288742
14.891911845
13.4498405237
14.3566039641
14.4748830144
13.3110901251
14.6356860982
14.0907531296
13.0113834218
14.2904923089
14.4599120066
13.6898361959
14.4114577981
13.2311177825
12.4814292425
13.8309754483
12.9358641446
13.8786578751
13.7910490325
12.6678168488
13.8077702633
13.4799980628
12.2312917471
12.9641720203
11.0943888674
10.0167366803
11.1736063683
16.2825420054
17.4381348579
12.7010242649
9.39705335345
9.51826878634
9.16439390726
8.55121172715
8.4825143479
7.53295518099
7.16107202207
7.36812468916
6.98865758312
8.94139371821
17.0961028381
11.2076759123
8.84293737246
11.0580237562
9.49498306171
12.6267955561
16.6071271298
15.6429695973
16.4405889703
15.6346398722
13.7341021168
14.987116646
15.0063368239
14.161858657
14.5844584226
13.5113979822
13.3798120046
14.5720287368
13.2289008389
14.3979118372
14.5258764908
13.5326234486
14.3952666027
14.6544362384
12.7976462443
14.3466855385
14.2928829512
13.6681987078
14.1747216868
13.2068906702
13.0039791638
12.804629364
12.6630386056
14.0263806594
13.7825263442
12.9136507539
13.8854307526
13.3322531568
11.9073820419
12.2277164376
11.0152916403
9.85219237653
15.0304434602
19.9476877989
15.0153494995
11.8777599791
8.92380598205
9.62664553557
9.1365526211
8.30439348618
8.37938823431
8.23294963288
7.09971577696
7.18789454244
6.87385534433
8.7610530189
16.0983691745
12.1618944908
8.4595298367
10.9122951923
9.42508643327
11.0055992084
15.7351656863
15.3769468545
16.5102025556
15.8562137521
13.6879524936
15.0365753842
14.5306658153
13.7220537561
14.7735647419
13.5331189541
13.0305585646
14.4721679775
13.3114794972
14.4454261502
14.2788509193
13.1779216185
14.5930709219
14.2566503296
13.0670616301
14.3950572179
14.1947280977
13.7104675383
14.3109220288
13.1108938482
12.4191695361
14.1759756281
12.8272312381
14.0926828695
13.8493406513
12.8885434055
13.5758828598
13.5457203423
12.0675729378
11.3155953546
10.5237803667
9.81601768592
14.0508340478
18.8200518795
13.34
9.82395288719
8.66113214624
9.42035257408
8.66572276466
7.99045241747
8.23688921409
7.88397849858
6.89386923903
7.24437752546
6.75695926263
8.50261845442
15.9886001758
13.69031821
8.49096591133
11.0528111704
9.25916050781
10.5700502761
15.6167331507
15.4983420065
16.3087389829
16.1722409925
14.10159976
15.0776261042
14.8637208986
13.5478833664
14.5872891307
13.2948723022
13.2861020688
14.3627347
13.1362478593
13.8386253074
14.0274758714
13.1971177631
14.2594317534
14.2277768164
13.0195963271
14.4475702474
14.3223905433
13.1992260639
14.6847711359
13.07860564
13.1413263778
14.0029951522
12.6014115356
13.919451982
13.753475022
12.8639608737
13.7918020121
13.5316851356
11.3314713816
11.9890958281
10.2913283723
9.9942471346
18.2081883862
18.1939100059
12.1424057686
9.74268958079
8.32862818505
9.25450998685
8.82306630663
7.81406138618
8.09188115762
7.71096938159
6.88119918073
6.80244369265
6.63800494567
8.47723961558
16.0381583674
10.1624011149
8.15914318605
11.1983477827
10.16387113
10.1468040332
15.6638095759
15.2158878113
16.8400457135
15.9648179681
14.119082847
15.2698059142
15.0513505092
13.7575765563
14.9209101375
13.3672537755
13.4222405054
14.3928552647
13.7351371127
13.5864191184
14.1283800976
12.8301353476
14.3699483031
13.8937140382
12.7823167781
14.1107090303
13.6906921864
13.2236270753
14.745213171
13.1710022849
12.9719787261
14.2972423958
12.3088364064
13.8184313545
13.8100838729
12.430888375
13.0230144656
13.2098337843
11.1779588005
10.6003289845
9.96479907525
9.94894633095
19.7168534534
17.0479526045
10.7010313099
9.74989579342
8.4605648713
9.35052905243
8.66226768111
7.67165167431
7.77273004591
7.60402891028
6.64907711338
6.75864422731
6.54441110133
8.44442825225
14.9996233313
12.1105733502
7.76464187069
11.3007857985
10.5120353948
9.81560932355
13.8739474431
15.6643054367
17.0113729046
15.9271842656
14.4241359628
14.6740805069
15.3345891749
13.5629279186
14.9560885531
13.3015749721
13.0474138091
14.7258568822
14.880525827
12.2297144615
14.149165915
12.9603042106
13.8770824809
14.0716938227
12.789783306
13.4836257684
14.0941617543
12.8441497931
14.6308703743
13.1253149456
12.8591451525
14.3509353517
13.7938079804
13.7130347046
13.8619473166
12.5915226243
13.2101569678
13.2611451515
10.5510464914
10.4003249514
9.86768591243
10.6463568899
20.3872019352
14.1174756779
11.4359578963
9.85412414471
8.44696401954
9.03978516331
8.70076546585
7.46668986219
7.65976415905
7.33285126608
6.49946262091
6.65865538152
6.26741396943
8.18105609151
15.946365916
10.7069176028
8.48432100146
11.3156289985
10.5877129263
9.98271555547
14.1564111137
14.8710449014
17.3918329527
16.7273223508
13.7173145259
15.1703214401
15.0350254322
13.7690366137
14.739963406
13.4327260362
14.3610113405
14.750159433
14.6642702069
12.5086597771
13.7992615481
12.5185534433
13.9019050782
13.7188867832
13.3307393389
14.0988172072
13.748683622
13.0508571317
14.8557378137
12.7382320706
14.4749494113
14.0705874496
14.1625958361
14.0815084717
13.9135991336
12.3455451416
13.5651182441
12.361029335
9.96253982971
10.1016645077
10.1452963643
12.6225885317
18.9669367096
12.9025490011
10.4517523494
9.75732694343
9.12312179845
8.74027449168
8.37154159316
7.41360229272
7.64224821975
7.34712780564
6.3724945407
6.39746602489
6.32183999806
8.01556149279
15.1160619797
11.3896818041
8.26133912099
11.1764961723
10.296693069
9.88945046397
12.64508802
14.8884845292
16.7352740947
16.1990386497
15.8690914399
15.1966737936
14.7308818751
12.9665997274
14.6777250173
13.5008333058
14.5315280519
14.7757819235
15.5527735269
11.8026049953
13.1780627203
12.324913832
13.2656699461
13.5177054384
13.7717991559
13.4380853182
13.7683800117
12.9911685169
14.909403734
12.8813530381
14.099489155
14.1130223954
13.714374544
13.7966536109
13.8796150799
12.5014274442
13.2907094422
11.9134338659
9.67109043009
9.99087465431
10.0856025356
13.9149432517
18.583254512
12.2623894907
10.240323832
9.7072968306
9.2936580283
8.48174677894
8.31605444895
7.14381150407
7.52001471445
7.32513940554
6.26679569133
6.26805167291
6.04648035451
7.67770877081
15.91308868
12.8869196642
8.49675120448
10.9862794686
11.2094303889
10.0640363623
11.1683760373
14.657567292
16.9937897643
16.8388683384
16.2841009578
15.6600557864
14.4958340627
13.2078595419
15.0267149589
13.6293339413
14.5460397458
14.7953960762
15.6850993964
11.3483466923
13.1722252834
12.2475748675
13.5496509748
13.7461646809
13.3406729405
13.6712630981
13.2556234948
12.2633483218
14.9548031579
13.1019789963
14.3057594704
14.0681727725
13.997056829
13.8362862129
13.67130093
12.5144373073
13.5701355102
11.4158766438
9.97221478948
9.92135845544
11.5461348554
15.8869602482
14.1482632151
10.4210436064
10.1325752245
9.50391660544
9.14186361004
8.34615314087
8.06750568417
6.96177801161
7.36246083385
7.07868081382
6.36273902392
6.18851474594
5.91979889443
7.53569645799
15.1306542405
10.502939377
7.96188963809
11.0303451183
10.7330772069
10.4517701121
10.1376915813
13.2542236297
17.3728930528
17.4374236632
16.1240590667
15.9705507222
14.4991506373
14.6834455052
14.9562854796
13.6235074955
14.6365735234
14.9836834747
15.3446663613
11.5706509053
13.2311939524
11.6392518341
13.1138863634
13.6727886322
13.4863473366
13.7563523124
13.039232959
12.3124679199
14.9048401679
13.1055269834
14.2485718937
13.7628338878
13.9411032977
13.9545135738
13.7023840753
12.1730897741
12.7298312226
11.1050345872
9.99500494144
11.3991533372
13.1076527597
15.4277645685
13.2918611442
10.0841454083
9.76028702033
9.10946466045
8.77129563422
8.44101811471
7.75103807533
6.75527442748
7.17166841072
6.69003927133
6.43212868247
6.02886641511
5.88312772417
7.5226877894
15.578617889
11.4335343444
7.75878421243
10.5961604148
10.4497196222
10.5219502634
10.5010470763
11.5377507659
17.3150375039
17.3830727129
15.76142307
15.8939258665
14.5776689014
14.9429873659
15.143090945
13.5311554599
14.9922587186
14.4749869131
14.6467622764
11.2086289221
12.7257377436
11.7122766992
13.0959370787
13.2883126525
13.0412227364
13.0034225452
12.5422118093
12.9867103204
14.8485952691
13.1078555255
14.2788984788
14.305617412
13.6275627762
13.9001136286
13.2315296944
12.3131593186
12.3714380267
10.7414614798
10.1163102228
10.8431211165
14.4525028304
15.1925974203
12.1830653701
9.75345100335
9.63865051013
9.13452017612
8.74230509352
8.13036866891
7.7859722641
6.65750332393
6.94977744577
6.85822015625
6.20778786065
5.86851334065
5.46430888538
7.34731565366
14.6101158416
9.66905153749
7.57790809525
10.7126772933
10.5574403917
10.5864776406
9.76034875528
11.9265111661
16.801077655
16.8620599449
16.0748294496
15.8166195999
13.6937436727
13.3399138723
14.7900686908
13.43041721
14.8170042982
14.7356879717
13.8940468626
10.6932533066
12.697954823
11.112244066
12.4551822666
12.9785297883
12.9502858791
12.7689598868
12.3179060333
13.2807896492
15.2787121584
12.6546588369
14.1223632557
14.2412925899
13.2309978564
14.0146346495
13.7560404784
11.9595356924
11.8717879598
10.1714569476
10.6250501886
11.8691073484
14.5281345234
14.2006790795
11.400388959
9.09902885608
9.46382537319
8.69700183994
8.37414459719
7.7953071271
7.50034443545
6.50230074085
6.84694608173
6.52463754289
6.19041491629
5.92172435821
5.21555224731
7.19264851184
14.1766500052
9.70473360238
7.15987962224
10.3163915706
10.1308121599
10.3762003648
9.56425822082
12.4731576806
16.3949371146
16.3471213712
15.5848979769
15.243522417
12.9994490017
13.1565764019
14.6929364163
12.9679180032
14.2887864175
13.959437313
13.6395284537
10.7797108939
12.1928735449
11.4445686558
12.8351912107
12.6647935381
12.3565205155
12.7438295681
12.0814666009
14.0182020075
15.8524956512
14.7628680526
14.2283789472
13.8094752936
12.9881252421
13.4999110635
12.9254719989
11.405933219
10.9526571692
9.92557742093
10.7158927708
14.7062173481
13.7743571545
13.1924486634
10.9276428596
9.06061604811
9.43378586127
8.28356079355
7.82356377924
7.82563201695
7.1534629978
6.31930934612
6.65255448929
6.28569468728
6.06838598894
5.73137609594
5.08947419138
6.928400074
14.916994388
11.501179475
7.27629793387
9.84571251975
10.0884472523
10.8167204523
9.55197619472
10.2942287955
15.5806174505
15.7334277683
13.8053117142
13.9970441081
12.8151266177
12.4902487909
13.660111955
12.3739571456
13.6042647138
12.9977798972
11.9756728371
11.423705734
11.9497599639
11.0435096549
12.1684484385
12.3471994692
11.6006722089
12.1478239298
11.4695889718
12.2052040537
14.1540080026
12.6153705236
14.0585104952
13.4631761269
12.6624230085
13.1613748156
13.2563724503
10.8168017984
10.2805319488
10.086478987
11.6639797574
15.4768858482
14.8933766405
12.4335944747
10.2855401668
8.6564137922
8.95601597991
8.48758947947
7.41762010879
7.48346173142
7.13549611109
6.11051858619
6.34496428522
6.23479359104
5.91620953281
5.4101607268
4.90732005392
6.80798793769
13.9351901858
7.99587358521
6.78234104804
9.08961514203
8.65393597894
8.95356451237
8.62224108289
8.31120852508
10.2745322321
9.84229305746
9.08875219294
9.40281449871
8.50149314875
8.36553649084
8.86972414136
7.97875939128
8.96367187984
8.91447888144
8.05922298004
9.35046326571
11.638748802
10.4985450073
11.7264098488
11.6377533608
11.1210467855
12.0323603561
10.6033009975
11.8202202791
13.5236342254
12.1408177232
13.874686049
13.727076475
12.4105150421
13.2432641355
12.429521105
10.1431238526
9.75198420834
10.7939126231
13.1000216206
15.4370551323
14.2837893377
11.134553674
10.0736082522
8.64659640092
8.91162947773
8.05860077496
7.25799482692
7.39437900277
6.76397969783
6.05300809361
6.17982668245
6.07252335261
5.59506724568
5.46463262976
4.69212959436
7.13801248922
14.9467456355
8.16108132124
6.45615494524
8.56378020213
7.89742531123
8.34266820404
7.90005928246
7.09478394867
7.61016444488
7.4261901764
6.98605976902
7.5055524398
6.68657020829
6.76658770922
7.30939940128
7.29957432897
7.21125616919
7.17168049998
6.7290814611
7.39472414985
10.4336923097
9.60063873085
11.2875359129
11.2021974926
9.98481237849
11.3213724088
10.3167292497
10.0175449989
12.5139014557
12.1706524076
13.9630137637
13.2662001234
11.7862223467
11.8617204727
10.9779957052
8.99870036173
10.288292031
12.5775722122
13.9896822088
13.5868689556
12.1260336104
11.0384034586
9.80135232689
8.41290783128
8.48717029325
8.12425065616
7.09436187786
6.99242011634
6.60898462397
5.83832170732
6.14620224405
5.98670357499
5.27163807674
5.08644763513
4.65042280793
7.00966819953
14.6197039558
7.22158231666
6.25427995484
8.23081115809
7.40371841937
7.95472445719
7.4839542267
6.73744028656
7.34049917538
7.24300862675
6.69887371666
7.04288993649
6.64934929202
7.0363285408
6.97976475043
7.02032477426
7.05800305652
6.97028541494
6.30636596724
7.21610420319
9.10210178451
9.33103365661
10.7382528297
10.8311561724
9.84445384775
10.6562608361
9.6782491896
9.64073452362
11.8741901884
12.7432501424
13.2971907485
13.3348036075
11.0535307621
10.7984738004
9.65716492072
8.83350057347
10.9084104886
17.0581084112
13.3006318219
11.804698294
11.1052781173
11.6049157305
9.63911331552
8.90651675878
8.29253606225
7.73868427787
6.5298327265
7.09243887608
6.60247571189
5.60484737566
5.89581488166
5.76785074806
5.14219742969
4.96480127074
4.46960933535
8.135
14.4677961489
6.38610738465
5.9967703562
7.99048804258
7.21244961418
7.4937224816
7.29025148381
7.14478411597
7.00271033482
6.81486965084
6.41984177975
6.9350664892
6.32853357078
6.85513930614
6.68420671792
6.76728233941
6.75629310088
6.79054352635
6.22151222744
6.97721770934
9.42449440549
9.54072186349
10.3694871741
10.2910895803
10.0554848972
10.0215536162
8.95461556809
10.2157036494
10.8715229597
12.3711728931
12.8232228185
13.0344992379
10.6049893317
10.3629696569
9.6823771635
8.70502285947
12.2750277894
16.560045987
12.5431358179
11.3834204247
10.3168799616
11.1174465891
9.46737366746
8.50259644
8.09283711068
7.55093648689
6.5437742648
6.88535393943
6.23584107055
5.55689888574
5.7236689566
5.57481465907
4.89576521334
4.93739611926
4.35631303409
7.55818197964
11.4591538721
6.61362002198
5.8678398908
7.56878834711
7.02230780339
7.37695287103
6.9965887183
6.85570642506
6.675040882
6.63170094855
6.20100699546
6.70066313368
6.11737255509
6.48693600861
6.59352507305
6.58498860802
6.55103178502
6.15082518896
6.03249796069
6.81535745857
8.97070586182
8.4687241718
9.90272261122
9.97843846274
8.70864506906
9.6691593659
8.80783842108
9.35314349513
9.9730456108
11.0674423064
12.2674183885
12.6385012513
9.99411885392
9.61003609212
9.28893599355
9.69565916329
14.802127598
14.6052054745
11.0506007017
11.1118606096
9.64487265698
10.6355766137
9.1797476649
8.47793881551
7.97381107561
7.3956242548
6.34496943259
6.67617165728
6.12908805213
5.6934731017
5.64741173206
5.45320413259
4.65366311968
4.74749932287
4.207280413
7.57727102336
9.30350918906
6.72342926674
5.64937942832
7.21693376582
6.43066987409
6.96147524929
6.77523568547
6.45749847257
6.4406761685
6.1676053929
5.94952247821
6.35550076128
5.88724040679
6.35003593865
6.18992975332
6.2909133271
6.23602506823
6.24198596626
5.60194333162
6.2776920466
7.77087215796
8.54467307618
9.68882210413
9.09233260992
8.5097146629
9.40966887551
8.02721970472
8.70074932397
8.88147441671
9.88382122636
12.3702577643
11.450347214
8.78022320297
9.30600069426
10.1987590172
11.8348943284
16.3472384195
12.027030286
11.1388072735
10.2100683644
8.85786715192
10.4386500488
8.78632049271
8.07463606352
7.5190418053
7.08989990599
6.08659967076
6.2827558295
5.99062057071
5.71251563426
5.23829352721
5.12460038959
4.57706763872
4.50623836774
4.02839627623
7.24114847085
11.9653669122
5.9345783482
5.38148197665
7.1419901688
6.23670578849
6.61001112698
6.38960050179
6.35245653406
6.20587154694
5.80774279755
5.7355079784
6.16812838408
5.61790535857
6.09658977667
6.11298481132
5.82162506078
5.92619219096
6.0188824862
5.52453051986
6.17733484598
7.98508237998
8.54072370154
9.31918022302
8.70541272626
8.30727897687
9.1932303792
8.053764179
8.21341278979
8.99361370903
9.45174203266
11.7210718335
10.7262610023
8.57826303492
9.30399449576
9.86244976258
12.2049147627
15.6631507625
11.4658681364
10.4151543983
10.6906618923
8.28139077412
10.0269541275
9.0211907746
8.16433588596
7.1234284957
6.96017839762
5.91375682745
6.10595666127
5.71563722979
5.08641332982
5.31126485143
4.99753976006
4.40974341222
4.53643164727
3.85389414407
6.99201979129
9.67337768293
5.58144627134
5.13504649133
6.79132019787
6.10510811094
6.40439494852
6.06534411062
5.94723780024
6.05297750611
5.60792983967
5.52096754785
5.97735609535
5.42462367825
5.82729020845
5.68671878362
5.54548439889
5.64684507707
5.71174557922
5.31788183926
5.90301610874
7.44434339652
7.90546513493
8.63942246787
7.86126476935
7.55265748683
8.39231452591
7.66731216193
7.96566905105
8.20876622253
9.12655880771
10.6677529437
9.1378562882
8.46327948849
9.81250608813
12.7693336045
15.9024928886
15.4078466215
10.6188618037
9.61053671463
9.41280422203
8.13211858462
9.87744492105
8.93203749432
7.62171494518
7.17282637261
6.51973437264
5.81493544241
5.92228325996
5.6196521975
5.17065458836
5.01818264869
4.58809985853
4.25802803752
4.27471369793
3.81936388105
6.77034455309
10.8765372556
5.38087677182
5.08557089112
6.30696822204
5.8478298954
6.15323759897
5.96903148
5.49079045268
5.79789615075
5.40640865204
5.33916549669
5.76255956015
5.22968960501
5.56047723997
5.40888709122
5.06589693528
5.53688039513
5.41404898285
5.14276727503
5.67103442089
7.17683061278
7.31966140443
7.43032327682
7.47452803087
7.15485509873
7.74507579343
7.22610251
7.94809024802
7.99510253062
8.37769767114
9.84245624967
8.20379001486
8.0280093206
11.9930424824
14.5503074069
18.0526027905
12.6906749584
10.0974009228
8.97944230006
9.19110269175
7.83989057144
9.21157262612
9.56613216147
7.18670505551
6.76864080724
6.47920715851
5.47915651697
5.70946576935
5.39275613909
5.09622495546
4.83785405043
4.55332119415
4.12027590738
4.15587891618
3.58757737229
6.51592102207
9.82932738093
4.95916421525
4.76448230506
6.20791155175
5.478153757
5.85728303927
5.7245353376
5.46167388394
5.52377430081
5.13915143604
5.36211210002
5.56192163234
5.01731003729
5.406771123
5.18991082447
4.5979289786
5.27435436484
5.24540849207
4.82259622462
5.27064035078
6.67550166201
6.62976342099
7.38322822544
6.94097266996
6.94496257706
7.67336621264
6.92193554979
7.3226023832
7.57725952174
7.50280285629
9.02632456294
7.98173193635
9.74574273
12.3752385043
14.2152562001
12.0188700767
11.224359959
9.14775282237
9.07627719687
8.65956844104
7.34804347102
8.66525302087
7.23262347094
6.25255962447
6.23572431203
5.44523879339
5.03768042665
5.09670601982
4.5203887974
4.71748403415
4.49740098814
3.96543960077
3.99970468014
3.84002836326
5.3530164603
10.1144881964
5.36928020259
4.4443283972
5.85448549302
5.33264661655
5.25374575679
5.34801956836
5.30092127209
5.28711194486
5.3448031706
5.15110735065
5.41949271095
5.16251865512
4.72768555888
4.96681151196
4.78507860848
4.76040338472
5.00555148766
4.66237747545
4.80254642864
6.41281365235
6.13339352324
7.12865742136
7.42100396342
6.67167099706
7.19581777767
7.30754223859
6.47210825149
7.10479840807
7.66437683722
8.05152359885
7.70740544666
9.30325246044
11.0039288101
15.0309412572
10.7626649986
10.3054240792
9.80198722586
7.79721852354
8.16251439863
6.98049038361
8.38141873446
6.72034668621
6.2910921182
5.96048529213
5.5400773883
4.79761037965
5.08071201181
4.60873330085
4.16300347714
4.37575189396
4.13389943397
3.59427282077
3.5611741335
5.23700017595
10.434950157
5.40228021389
4.4666729047
5.65399128791
5.62383921062
4.8543846047
5.25373652069
5.08216498486
5.03562602457
5.23122147131
5.34670718095
4.6388840436
4.93487369341
4.54348970783
4.67138258613
4.41836527327
4.77889581243
4.83104888566
4.75687232584
4.36146648847
5.82642488494
6.48810918009
6.58619927886
6.94364688039
6.95653680138
6.43085875905
6.70891606662
6.31747760758
6.87712810645
6.94580707158
8.51558585679
8.03423868727
9.33717770684
10.3200065251
13.7595914949
11.7276258098
9.19824578733
8.88801575689
8.52860869347
8.02639765833
7.16568013127
7.22184705814
6.89572276778
6.03147385871
5.62863659228
5.33699981088
5.03828081367
4.33773526946
4.51726686392
4.36368748106
4.25052652807
3.92948675327
3.66833592882
3.62263258096
5.71596879525
10.7923986553
4.99260600214
4.19789508365
5.36957464814
5.1515713463
4.83284871403
4.60627264305
4.86186062094
4.43860630143
4.9338710213
5.02347153517
4.81988031288
4.73492151004
4.63862335097
4.18503641056
4.28195331007
4.58544607928
4.52960642776
4.50323082196
4.46201325971
4.79432079456
6.04404544822
5.56176730577
6.60991147781
6.5900228483
6.38400177242
6.54262463084
6.57837426172
5.80169427168
6.61057743684
8.34611559414
8.15703182688
8.69799374247
9.80134532914
10.9497073752
13.3400323036
8.50582167545
8.80073286867
7.79378679032
7.25924637274
6.89500634875
7.03459561769
5.93428733988
5.80042688272
4.95646102049
5.20585533783
4.86543980696
4.57289978905
4.20857630715
4.23091012285
3.69119578701
3.72895532209
3.49457393362
3.31759978004
5.43470007744
8.08412474931
4.1325045882
3.9141792343
4.69132124239
5.08011512252
4.89130697478
4.38256773161
4.59265845943
4.59758467931
4.17325046065
4.86146118924
4.58328270157
4.37229496244
4.44029594348
3.98091137907
3.81045430238
4.26179363076
4.01721400227
4.37218411101
4.31631879905
5.56545671555
5.57489145388
6.09513206897
5.70847882649
6.23050793631
6.23726101459
6.15274459617
6.01253851757
5.79130311497
5.84102717736
7.20608131313
6.97279073472
8.69705634846
8.6567066828
10.5342603847
12.9882554731
8.45739798695
7.26696032917
7.68453714463
6.72417914266
6.42797193796
6.79624125057
5.84810223731
5.53582661701
5.29819356602
4.35724406368
4.70985948243
4.32390671823
4.10672907814
4.05512631649
3.70179644562
3.28303412456
3.34923304125
2.93477343674
5.19281206359
6.63732361886
4.11918201152
3.77791734504
4.85863529847
4.33952562374
4.62364491684
4.44319450855
4.00742886215
4.34748944546
4.05907505986
4.27606804542
4.45198285402
3.93040367187
4.24250193268
3.95609158268
3.56457107582
4.11283276711
4.11503206962
3.72167361834
4.1912956946
5.0424318972
5.00788288844
5.64610432923
5.41009360448
5.43804709477
5.8816362497
5.36944280275
5.9159189444
5.88859533836
5.43318213499
6.74503431156
7.41045565346
7.15376403989
8.46972033498
9.55816312296
14.878910691
13.728543264
8.46362431049
7.27668196171
7.21762661124
6.97569001318
5.69052968493
6.84791345788
6.24829942105
5.08076669609
4.91668891292
4.18317608955
4.35695233206
4.23339199876
3.74176862319
3.7924524149
3.62996423999
3.18781049033
3.08861753927
3.08678280673
4.16245891423
10.3412235434
4.14757010674
3.32046603121
4.6640380194
4.11891380315
3.96755499528
4.11916403154
4.12195015021
3.99217926966
4.08704891705
4.05868226683
4.19845017739
3.97749016563
3.96085824934
3.80273069431
3.69228426708
3.54912820094
3.88232159139
3.63181366288
3.67622332468
4.6216453228
5.0140224395
5.48138316295
5.56697713088
5.18399404916
5.60762379559
5.53425677727
5.14041508557
5.56220502724
5.64403340499
5.61544037432
7.12020480805
6.83154875755
7.61386869116
9.28994082771
13.345
8.86615229912
7.5359480827
6.27783432634
6.70735215642
5.14862700754
5.92121893472
6.31076265196
4.94920647688
4.73757360557
4.48895547632
3.87905639269
3.97965643139
3.86339814099
3.56853726685
3.46064492898
3.16150818361
2.73724897426
2.90681580905
4.10197501726
8.62949820883
3.976754893
3.29635280973
4.24072915827
4.14461759232
3.78873390699
3.92340138822
3.79858588768
3.83778152629
3.94463992554
3.94625017912
3.56620403827
3.81167080935
3.52622960362
3.6797942275
3.49339830863
3.53969107897
3.64817363623
3.68774798979
3.48919207487
4.6592991885
4.55418304574
5.21034853733
5.34189685585
4.99219970086
4.73795851363
5.25959789624
4.71638027337
5.21400957657
5.26405551843
6.05727910757
6.90775515423
6.78723408826
6.38932470376
8.45184488164
12.3287168677
8.52450575276
7.1800094704
6.31818579353
6.18498001492
5.90334869429
5.19813749378
5.82150823041
4.68261604058
4.482382835
4.24715659309
3.82270508748
3.55046042
3.67220904613
3.2070411388
3.30303660959
3.04223920063
2.81836913007
2.65465174927
4.39641582528
6.48200321795
3.87860978542
3.10768093368
3.9815064792
3.8936645395
3.5965512983
3.37874754004
3.6521361876
3.37310071388
3.70528983864
3.86378417136
3.54812048037
3.47801760777
3.56777964301
3.17896817364
3.23250751182
3.48206768176
3.4393647484
3.45321818072
3.26876159264
4.22020609932
4.34463060249
4.38691430689
4.99081978148
5.04370997308
4.77397320045
4.82102361439
4.98671973292
4.54190694686
4.96275911976
5.64915181866
6.51237905237
6.60449655152
5.98705957855
6.71044621202
7.06134106759
6.67479786816
6.19304313081
5.86841777902
5.27254233836
4.68894619519
5.13338947173
4.53349131057
3.88500332955
4.00406398481
3.68874782066
3.47021167565
3.49391618413
3.2680656891
2.88488811933
2.84322950667
2.62465227823
2.58175817685
4.05051805585
7.07503496687
3.23326724417
2.98784780041
3.47780010413
3.65608839584
3.58817282966
3.16231401888
3.35240708619
3.41013825931
3.15804995781
3.61532802009
3.43289337156
3.14475355591
3.40533654091
3.03
2.84121416698
3.16317631452
3.00304878051
3.26454098628
3.25415444021
3.69691443604
4.46109509325
4.90306537222
5.14027001572
5.73288385928
5.88308667505
5.57383059431
5.91647737253
5.3807730037
5.540836418
6.38044115222
6.07551083705
6.2015160673
6.09166253874
5.9427005616
10.8170360477
7.19747281259
6.01811405544
5.81516792107
5.05717688154
5.10085770441
4.73220666713
4.76431652143
4.23491392179
3.94820632188
3.44908677067
3.54853492658
3.38072937686
3.01288238046
3.15335878779
2.69770941349
2.40962560343
2.49493229067
2.22975663336
3.87558876751
6.08340900054
2.88678780841
2.77587312207
3.61033548687
3.12096696125
3.34188708156
3.2560088462
2.88678871652
3.11343296611
2.98761184246
3.3674254055
3.29869638514
3.1138803953
3.1008596722
2.90462508382
2.64177085873
3.02607185608
3.04857848699
2.8341089956
3.07353161577
3.98631509525
3.66291821563
5.97700708986
6.27437876027
6.30579386978
7.12109317148
7.05939308484
7.14933777456
7.08190583586
6.22665227758
6.94059150462
6.52823584288
5.04391435122
5.69396486314
6.44253320666
7.07132475489
7.16795327798
5.51429294642
5.43552135485
4.438538574
4.88470424271
4.30117981928
4.45327539032
4.04396744886
3.65347373692
3.10841793141
3.31686679278
3.14573217047
2.87838638853
2.98859647753
2.57520702713
2.435758028
2.32209533945
2.05365834155
3.60371589059
4.84020938985
2.70900894389
2.52947755351
3.35707014983
3.1126802121
3.0134915481
2.92935885925
2.66868691683
2.91502172057
2.73593924822
3.21069473619
2.91546817668
2.91297627041
2.88333410626
2.77691550227
2.41320304514
2.80303657356
2.82616280393
2.53958308176
2.86637850911
3.36435861811
3.66667792782
6.98235107819
5.58351688733
7.08465250582
7.02591722527
6.91292923943
6.90204472005
6.83694522816
5.86777742942
6.60025215168
6.20191037749
4.74479468694
5.32810146838
5.82290406657
5.96014714714
8.34558205132
5.26557247867
5.29719380843
5.01169057025
4.30298699743
4.06690439678
4.29136685765
3.44056331725
3.4675011078
2.99775352806
3.11278741995
2.88373606733
2.85142820022
2.80584377835
2.64522963167
2.10243468938
2.14201117814
2.06700651815
2.68413992846
6.09712112915
2.77185238869
2.24029268722
3.04678280503
2.73606212288
2.86173456689
2.69921428772
2.66625359553
2.71269929773
2.7682611692
2.67768398912
2.83495440224
2.64978469368
2.69115590608
2.55853944207
2.33633469545
2.36007576295
2.56067820034
2.40619263681
2.6140918323
3.1328108797
3.63183131707
6.26781684596
6.45215244165
5.83196991731
6.44513905237
6.38929571086
6.33150612798
6.271787907
5.98328766311
5.44090708857
5.65102758981
4.59637780103
4.89348787227
4.83513742558
6.82403998002
8.2852192977
5.40800665184
4.09959938586
4.48300283581
3.77618767126
3.73756068367
4.13979738717
3.49456476888
3.23806671001
3.00606316212
2.57511260206
2.66530176256
2.63544111888
2.46508337416
2.36933957085
2.04328110945
1.84166590442
1.91043701205
2.82397313157
6.15837627734
2.56100376266
2.08077868122
2.80757686524
2.63074746807
2.40999929144
2.54346383842
2.48660904841
2.38590132138
2.51423818152
2.43306982424
2.31246168311
2.4559843518
2.22354524451
2.35544776076
2.2798780147
2.28819323398
2.35003829255
2.35078724725
2.24844463388
2.8537314034
3.20393100893
5.4360767658
6.01204471271
5.31591979237
5.30786276032
5.86371594093
5.24966053298
5.5455987734
5.61338750395
5.35643383217
5.18617732854
4.85198493997
4.00057012836
4.52336768559
5.5773057214
7.29544489252
5.53108421821
4.02108637335
4.16751560469
3.85267115634
3.17752765766
3.39298079463
3.17337330843
2.89615338767
2.78611374356
2.38499027232
2.26704537219
2.38553584897
2.13742385023
2.17443906806
1.95213923949
1.78213839731
1.74562452029
2.76968843379
4.4950665951
2.26125741843
1.94739653336
2.40609774233
2.47890935495
2.23642504641
2.12856980646
2.27156842357
2.11129155231
2.20774002517
2.30458907141
2.09089718027
2.19110874029
2.18868619981
2.02787092731
2.1616313758
2.17207236243
2.0263810633
2.19682978833
2.05275296248
2.67975334234
2.83044657032
4.84646978697
5.43009329971
5.34615429036
4.93193676431
5.25589476352
5.17002594883
4.73245984611
5.14763518677
4.91041435545
4.52683407893
4.38648450749
3.68395850187
3.77231776785
5.19792009067
5.36399594875
4.76238479378
3.84966309193
3.60529397945
3.42229314909
2.89174986824
2.89046473176
3.05250480667
2.49454899151
2.44908633316
2.39125832835
2.07226764329
2.1709875476
2.125502595
1.87945131134
1.75566857866
1.68003661216
1.50695560926
2.45758544578
3.36595695803
1.9495494423
1.80590409061
2.27681908478
2.20979963865
2.16875035938
1.90048553742
2.03244616921
2.04105724785
2.02123930701
1.98860618689
2.0014492362
1.87025548419
1.96565062268
1.84346989683
1.82253844511
1.9762030927
1.94601646693
1.92728935405
1.99332423662
2.16145348795
2.60498144468
4.64827752975
4.4230643439
4.85305319809
4.74111177525
4.34320945836
4.87437599812
4.20586727284
4.60212721895
4.62478162559
4.28239231409
3.92541369071
3.58982056077
3.35736263008
4.08529678255
5.135513215
4.647713339
3.84073587264
3.26797247578
3.15860659571
2.84420587719
2.44639213108
2.54637735137
2.41135424951
2.0100028359
2.12385754461
2.03413142092
1.7979079491
1.92366217085
1.6440231973
1.6004583904
1.55027483351
1.39346221988
2.21981096031
4.33597333558
1.67601426163
1.56911094671
2.08528791586
1.97982925559
1.93498153219
1.74879828825
1.6869006176
1.79797221079
1.64196381106
1.8046986692
1.79830153759
1.74525055074
1.76631097117
1.75835607445
1.57862489848
1.7182164077
1.74849521105
1.73173429871
1.78514612618
2.04118903516
2.34722035952
4.13537514109
3.90831293236
4.28476060501
4.31428355236
4.30914389791
4.20626983997
4.16659666478
3.73032429755
4.20990753788
3.92198681024
3.40006477499
3.09679194743
3.02338422788
3.48476584874
3.49133421509
3.06618357069
3.05967749095
2.51428046442
2.58940435935
2.36666542553
2.37857558413
2.12304359916
2.00177478341
1.75447465022
1.80968035104
1.69345404093
1.62819530325
1.63655516826
1.384494333
1.23278471664
1.26365209064
1.8036662824
3.87729188686
1.60282356724
1.31681916413
1.80535126577
1.75188271796
1.52956583753
1.61845748156
1.59905398116
1.52868540538
1.55423147141
1.47264850448
1.44954746319
1.53775862838
1.45091894867
1.55503821767
1.51707089583
1.43465950459
1.53110020434
1.52679389581
1.42348015313
1.90345296601
2.10058239596
3.44845384109
3.69960174066
3.46595661408
3.2992074612
3.7451442487
3.19799811393
3.67626597233
3.58525995085
3.3239940811
3.45916013399
3.03762863866
2.57031169207
2.76328116305
3.20530296571
5.37354431652
5.0706138457
3.65108083343
2.53651874582
2.71513036882
2.18899404369
2.254087468
2.15481723177
2.09490547751
1.83114301196
1.80691341156
1.5436753898
1.5407036193
1.52363722166
1.51242269538
1.35279558343
1.16981768748
1.1210564932
1.1023448208
1.50311930179
2.59818182088
1.41654251649
1.09604471174
1.54325279033
1.50781254913
1.3337534966
1.36534110323
1.36220738474
1.28329239726
1.35469620404
1.23232185166
1.25146981038
1.3362642005
1.24142389928
1.31155798186
1.32733033602
1.20852929467
1.30826818586
1.31844027334
1.23959477501
1.56332335164
1.78618221722
2.58251682633
3.15026467779
2.89225833571
2.88800948835
3.21224486893
2.89615920476
3.03797479012
3.02984847524
2.79188554279
2.78168525474
2.57121285607
2.19158141306
2.34097941753
2.37036544812
4.60033954136
3.38420315275
2.20282056642
2.32879243536
2.06006794043
1.73153085883
1.83767986643
1.90251509114
1.56260102858
1.54980634909
1.28905306557
1.24741275804
1.27727431592
1.16105041815
1.22916422506
1.09646551601
0.929591574893
0.923907527893
1.37444606313
2.41210352824
1.22640530952
0.991343443688
1.20329715062
1.24853039743
1.12941817694
1.0614298109
1.14012272296
1.12596185894
1.11151988275
1.13017423529
1.05285208114
1.12181891601
1.1171280186
1.03296200932
1.09164658641
1.10101983166
1.02037635636
1.1067310293
1.01146016274
1.29291996927
1.63154173569
2.46618671648
2.57015725784
2.64379290144
2.39156946369
2.56188250513
2.55717986693
2.29599128155
2.41910474813
2.53779858198
2.24101977493
2.27763883737
1.92777368252
1.84838560739
2.22813107447
2.79954009015
3.0507506093
2.6110968762
2.01096699322
1.68324044225
1.72804597075
1.50685319879
1.51532835115
1.57707118377
1.2054204127
1.29222720058
1.06081487911
1.11213761758
1.08964018367
0.980698083615
1.05814430198
0.895349415246
0.7694574808
0.80984578139
1.07145943671
1.98008466717
0.9327730522
0.755820492895
0.949856414052
1.00623010429
0.907416373507
0.926384631804
0.912515208771
0.910138033093
0.886874605703
0.904552779711
0.839937488644
0.90330295769
0.876513088184
0.842244744254
0.885786328815
0.875214832521
0.821981702972
0.87985359619
0.832480474093
1.01136451524
1.30000923176
1.87047145904
2.08701699366
2.05530935725
1.8758853625
2.08027674835
1.97400150405
1.90108364761
2.02195209807
2.04671330511
1.76997279502
1.93000412093
1.69617553565
1.78051848546
1.88885176116
1.89246859767
2.08386915824
2.02206887722
1.58813453595
1.66360977695
1.4084700453
1.12593758213
1.21281695283
1.2770313857
0.988036565769
1.01332195485
0.879379449252
0.898354473768
0.860452676778
0.83101131337
0.83530696533
0.747252790732
0.620357635228
0.645772207708
0.825338029951
1.19778758176
0.741671777721
0.585359394299
0.740316083102
0.752334054718
0.687570650606
0.704385752597
0.679965337245
0.68026163728
0.68085470075
0.678655788595
0.616867094875
0.677718088807
0.679454525526
0.663250791335
0.662060518745
0.652140083935
0.616705463023
0.653691814341
0.620647963967
0.892668990882
1.14713226809
1.31711821734
1.58876867148
1.58756526241
1.36131577572
1.57242019774
1.54664557339
1.52107197133
1.51700323784
1.51270180395
1.38298699491
1.49103251019
1.27258394597
1.38387928703
1.33796542535
1.28485063454
1.44427019712
1.60779092312
1.27571689025
1.23946128464
1.03767044442
0.900253762069
0.875677042671
0.975507407982
0.755833133566
0.764187907825
0.66572240847
0.677095599223
0.654315586963
0.617880944259
0.620903141278
0.518433455259
0.460204056534
0.475195566281
0.54198918379
1.06531935631
0.486202621997
0.396960500288
0.490187924619
0.510722728706
0.450860993768
0.471441705201
0.456535713607
0.455346401271
0.449550377669
0.466255390211
0.42671073708
0.462808388385
0.44868253062
0.454078080302
0.454904769696
0.42819553651
0.412569024366
0.452074277035
0.437482625603
0.64869740649
0.721588972214
0.987527298443
1.0218269678
1.02100625198
0.932240906892
1.04077238459
1.0239633961
0.999654043417
1.04242061146
1.03953608161
0.885525835922
0.972614875342
0.871461780173
0.929395687167
0.85606354932
0.833929562294
1.0425696844
1.11010357948
0.881973316393
0.8323119104
0.704664285094
0.634523559797
0.603514511637
0.654451829041
0.491895086162
0.497211235933
0.439957734991
0.445329726923
0.438340117824
0.427179667543
0.417908060964
0.342979666323
0.311598689912
0.318078535001
0.276271593902
0.486149989066
0.258138268562
0.204436170349
0.260452003055
0.27000449865
0.250458628744
0.247362713124
0.233660222253
0.239429407729
0.278433695724
0.283187936192
0.257260414319
0.277693322044
0.278733563944
0.278658278696
0.273957465799
0.260194282559
0.256774538696
0.276071340973
0.27551827874
0.453929249757
0.497422060369
0.511189090089
0.533631174963
0.529403419642
0.472465904263
0.509269311948
0.515757981681
0.499903159381
0.521289700676
0.493518263527
0.458074857624
0.469110068782
0.424366990593
0.451759111383
0.434027079131
0.42845754802
0.504723500924
0.555136339695
0.447471105937
0.399359829552
0.359000342036
0.322798577046
0.300171174538
0.312096680828
0.236892412627
0.253523517728
0.216158656476
0.224759747152
0.218193807503
0.206043992375
0.206192218724
0.17855304653
0.155823077566
0.162166683259
9.30119243952e-16
1.50486168352e-15
1.0403156608e-15
7.25831782951e-16
9.55951783507e-16
1.11933774986e-15
1.07970208651e-15
1.01678119816e-15
9.38045588098e-16
1.02813396014e-15
1.63840759851e-15
1.72868679378e-15
1.58839594537e-15
1.69383140746e-15
1.70873162068e-15
1.65785953689e-15
1.69282231295e-15
1.463919448e-15
1.55372089686e-15
1.69809891476e-15
1.54436227383e-15
1.85844435986e-15
1.8195950654e-15
1.80648754911e-15
1.87226246619e-15
1.84411036492e-15
1.65766210935e-15
1.85334933694e-15
1.75765143251e-15
1.79248622624e-15
1.82896199918e-15
1.6701159611e-15
1.57445602991e-15
1.71881039167e-15
1.48890549438e-15
1.60758301631e-15
1.46236186718e-15
1.39713931249e-15
1.74333545128e-15
1.94771404145e-15
1.48225152293e-15
1.5467368461e-15
1.22862140796e-15
1.11956246217e-15
1.05888649515e-15
1.14133008212e-15
8.19660192913e-16
8.80725896097e-16
7.68642838661e-16
8.03440589905e-16
7.35233394678e-16
7.2599488079e-16
7.332337391e-16
6.31618291407e-16
5.38432337199e-16
5.71425622857e-16
-0.271035871971
-0.515116571329
-0.383021376866
-0.203216176153
-0.322257124101
-0.32181476304
-0.310339589878
-0.315092979812
-0.279977485244
-0.301656921185
-0.517680426865
-0.556953406267
-0.497279088859
-0.533620113028
-0.520551017961
-0.491065678065
-0.515704378363
-0.464978365112
-0.456617166097
-0.521449753421
-0.465593091276
-0.529692746217
-0.529947055208
-0.47423953298
-0.533631174963
-0.506942922005
-0.451132782423
-0.520465461707
-0.515757981681
-0.466016594073
-0.525219399782
-0.469433255819
-0.464439064047
-0.465743600269
-0.416119831212
-0.461480509983
-0.416801541183
-0.385806926779
-0.477905767224
-0.570055713594
-0.425411729636
-0.43452773011
-0.361334881833
-0.328542323969
-0.290504432405
-0.306790173404
-0.241378092907
-0.248643487574
-0.221063390983
-0.226935210828
-0.218193807503
-0.19637881576
-0.205225189038
-0.19441275831
-0.154079172155
-0.160364831223
-0.518257526032
-0.838856119416
-0.711167249821
-0.421356667996
-0.561905760181
-0.63240615624
-0.569216343171
-0.579516511977
-0.663203659661
-0.655271391988
-1.02145544529
-1.146625122
-1.02820219207
-1.1551506946
-1.10088068456
-1.02209705974
-1.09063083059
-0.947503607289
-0.966865300064
-1.07276895959
-0.943178434209
-1.07486325666
-1.05196670344
-0.994273581224
-1.02915989144
-1.05105445332
-0.944787890834
-1.00376852628
-1.00917247133
-0.925481239585
-1.04242061146
-0.932142282096
-0.897364416617
-0.979639478715
-0.810991822651
-0.903380612565
-0.850416692135
-0.757281624583
-0.934215040338
-1.12990264162
-1.03061750066
-0.881565811427
-0.709073299759
-0.59368535804
-0.593472672841
-0.599914176621
-0.504016699916
-0.514824271577
-0.436221363568
-0.447390378615
-0.420842405853
-0.392697812631
-0.410387864495
-0.35999212987
-0.303598460218
-0.325685196001
-0.768815197209
-1.67711192641
-0.985408765322
-0.60940094085
-0.82959256421
-0.897274364636
-0.853607772138
-0.974504182796
-1.1039071405
-1.14083391602
-1.3343927481
-1.56846035017
-1.40829989876
-1.65783409083
-1.63922212885
-1.45389426515
-1.63553096234
-1.48745996121
-1.42205609997
-1.63249757419
-1.52211208279
-1.62361196316
-1.58919550677
-1.40335236544
-1.6002433775
-1.52021113415
-1.43610817667
-1.56076227813
-1.50228406307
-1.42631966978
-1.5061254136
-1.43778448447
-1.27646681559
-1.416853972
-1.26390625114
-1.35472693526
-1.24989681507
-1.08882104846
-1.38034618782
-1.6793748347
-1.36191397742
-1.23077162618
-1.05672811001
-0.915181439246
-0.875677042671
-0.909634752967
-0.710388620966
-0.760261673829
-0.659769078147
-0.680529146887
-0.648260224205
-0.583956777277
-0.620903141278
-0.572922512221
-0.451898234658
-0.488403781642
-1.01007373981
-1.94311936694
-1.71356962803
-0.852649109036
-1.08485432198
-1.14868671435
-1.03784013361
-1.0710889577
-1.53283213343
-1.57706734122
-1.64253848353
-1.81595304451
-1.58707928399
-1.89360574878
-2.02511749795
-1.93783670758
-2.10416161985
-1.99591675221
-1.94582109348
-2.14423091545
-2.02876147033
-2.07222272216
-2.10265174749
-1.89551381637
-2.11760533433
-2.11600135918
-1.88842470316
-1.97772351755
-2.09225682036
-1.84983492284
-2.08357119398
-1.88945779846
-1.72323888766
-1.95808541763
-1.63140510947
-1.78051848546
-1.72293529335
-1.52311131764
-1.95469235735
-2.16139104919
-1.71264171862
-1.71151752685
-1.41728270293
-1.13767141285
-1.18622229065
-1.25483501167
-0.942487062492
-1.00856457478
-0.860242210706
-0.911168495809
-0.868075238271
-0.788429117175
-0.83530696533
-0.716607030213
-0.61338732472
-0.630968259948
-1.20623547963
-2.17856171265
-1.45722733156
-1.02702832621
-1.43717499276
-1.41783737065
-1.2507677892
-1.25260828539
-1.99715668503
-1.84303084096
-2.12175841711
-2.04560681043
-1.9411693836
-2.35063948486
-2.59958480634
-2.31595638764
-2.76388494901
-2.4445807466
-2.65662568818
-2.5859433879
-2.64371935654
-2.68429388208
-2.53579889381
-2.38435488659
-2.66490592998
-2.60587773584
-2.22393242955
-2.56188250513
-2.57564881571
-2.20604208791
-2.62289828385
-2.36074286695
-2.47384339931
-2.35950518839
-2.29916636348
-2.25604423305
-2.16749206422
-1.85707930396
-2.40516178158
-2.67747495502
-2.08040277254
-2.06409085884
-1.71768287647
-1.51513961655
-1.48210021602
-1.54995468041
-1.43911819236
-1.27261197629
-1.21244317409
-1.12242989374
-1.11036855735
-0.997701238308
-1.03399800705
-0.863353917688
-0.772018923812
-0.791349303667
-1.41322482338
-3.04445037982
-2.07049208532
-1.23174548557
-1.75805689493
-1.71399133693
-1.52191357679
-1.78552586524
-2.20478854825
-2.326031996
-2.55909936417
-2.4000006753
-2.45795214391
-2.56151254898
-2.87941376638
-2.743266387
-3.266579048
-2.83789467954
-3.18616985994
-3.21308045624
-3.19328257808
-3.10517784328
-3.12848410048
-2.89811500779
-3.10442875644
-3.21814659889
-3.12194389388
-3.11724661534
-3.08905189877
-2.61194522281
-3.12218326594
-2.77306988284
-2.94567880864
-2.89206655716
-2.81725234237
-2.65008460032
-2.43209811944
-2.2681554738
-2.92906130869
-3.18436782496
-2.4950886532
-2.37612561494
-2.06006794043
-1.74987820567
-1.70308711026
-1.91360200892
-1.53137805264
-1.54980634909
-1.41215308702
-1.35919301068
-1.32497893267
-1.30379712678
-1.27549921155
-1.08765856407
-0.899485833208
-0.931102135508
-1.63670528193
-3.11816151429
-2.68801794294
-1.4482576759
-2.06673208877
-1.94491761204
-1.77439333292
-1.87852351933
-2.69123802112
-2.61682052857
-2.86962737308
-2.89146339182
-2.78823315494
-3.11114100876
-3.29442558353
-3.25839953559
-3.83660786398
-3.26673484271
-3.74140155912
-3.61590886419
-3.7780056518
-3.52133109971
-3.67347679896
-3.24652746133
-3.30882226098
-3.69679948608
-3.69353504621
-3.60832540981
-3.40029409153
-3.21047060268
-3.53248897718
-3.16730045691
-3.53770694313
-3.52516190267
-3.14822768573
-2.8890663605
-2.94994354765
-3.07560225325
-4.75562116741
-3.8423955749
-3.03504690565
-2.82734104124
-2.30401359005
-1.96709017077
-2.02857895619
-2.13023707955
-1.82183068041
-1.78862817925
-1.67822712742
-1.584678035
-1.52363722166
-1.46487188041
-1.41357009384
-1.23655963705
-1.18839151579
-1.08556848872
-1.87466166993
-3.87677205164
-2.46603592189
-1.6149751285
-2.2949273801
-2.30009575282
-1.98342527585
-2.51268885175
-2.98101800316
-3.03373445658
-3.38809227123
-3.24736467578
-3.13375483688
-3.42947835496
-3.53802350494
-3.44008654015
-4.22750396543
-3.90358537861
-4.30307186308
-4.21748360742
-3.96524765904
-4.22400098874
-4.41700675681
-3.63702912812
-4.25540773735
-4.22169377244
-4.06660940235
-4.15041859749
-3.80321506126
-3.66631292852
-3.94727369127
-3.54543644165
-3.95031292623
-3.63700715375
-3.13486725826
-3.23657157728
-3.27984585376
-3.92243340479
-4.67241753692
-3.12695285565
-3.10064124727
-2.6466654498
-2.38074559611
-2.31660905021
-2.70726579724
-2.12304359916
-2.10618219269
-1.92582461606
-1.80968035104
-1.73997258828
-1.59316151512
-1.47461332177
-1.34680392466
-1.21969609324
-1.23491458257
-2.42004117417
-4.97698654296
-3.33002430803
-1.94806436072
-2.46096209507
-2.4482335912
-2.3367740601
-2.99202257403
-3.52734750556
-3.30802692478
-3.31532544869
-3.55338588143
-3.11999617172
-3.50882487742
-4.02540961493
-3.84408804716
-4.68566814767
-4.7273291241
-4.42168267563
-4.80860912511
-4.7451700854
-4.48939731213
-4.75017496177
-4.33724037162
-4.19155015207
-4.74530208999
-3.99170116546
-4.53137803245
-4.62299134761
-4.14840259312
-4.53438910858
-4.48800930729
-3.99583818155
-3.7246823088
-3.54572594406
-3.20359029587
-3.63981212721
-4.73625244281
-7.39262427996
-4.49817927133
-4.13313510912
-3.22783119537
-3.02840271691
-2.82818862768
-2.40925738392
-3.02423791427
-2.36245341976
-2.15403170153
-2.15421332026
-1.8750545439
-1.98292755908
-1.88034531541
-1.69314164081
-1.51949402477
-1.47855393373
-1.28578967231
-2.63771581876
-3.95336679684
-3.6600091293
-2.23178925951
-2.57239391459
-2.37857666647
-2.60254250574
-2.90588558194
-3.93612424038
-3.92587031944
-3.57240039704
-3.70575195358
-3.71130003159
-3.33657639835
-3.89886055917
-4.01045441456
-4.42675398349
-5.39862939622
-4.81079709649
-4.84681729084
-5.0502944506
-5.27034368782
-5.31151492349
-5.15976400803
-4.74637427775
-5.26746494254
-5.22379504752
-4.47764481767
-5.13169538871
-5.08329367938
-4.55963479003
-4.73626507397
-4.31919464981
-4.00638077029
-3.88694331967
-3.45795795386
-3.91389334395
-7.40282385817
-7.06898037532
-5.88381912749
-4.08910309074
-3.33401231688
-3.40164582994
-3.06954740076
-2.62190383404
-3.27597860989
-2.49454899151
-2.62791226948
-2.43889758562
-2.08138151967
-2.21228653951
-2.05884158816
-1.83241157431
-1.78388468081
-1.68003661216
-1.49599955393
-2.91937762926
-5.09000864559
-3.17694137647
-2.39708752836
-2.82661128467
-2.73339223922
-2.74777871969
-3.64948236533
-4.25708980704
-4.29123010172
-3.88598248086
-4.01016358252
-3.93622412404
-3.86524713655
-3.92499243828
-4.15244429185
-4.04802154341
-5.68581349049
-5.18460185468
-5.66137404594
-5.82910167843
-5.70924416222
-5.87888610859
-5.87869109375
-5.11259122714
-5.50268600498
-5.82578668717
-5.52709206261
-5.63883626568
-5.62737257415
-4.75245877579
-5.47419359886
-4.80914790029
-4.72396422916
-4.2457612592
-4.12010961272
-4.58780863659
-7.87230412052
-9.01706162829
-5.19299113463
-4.49320956441
-3.55981291458
-3.85267115634
-3.29893517028
-3.15964473674
-3.64290303264
-3.05123345465
-2.59091661067
-2.62757493599
-2.48110653103
-2.47629659592
-2.19386144628
-2.18383696786
-1.71788253075
-1.87634835664
-1.57927033403
-3.26629266275
-5.68343987968
-4.29699455758
-2.58910563574
-3.28322476539
-2.83755117968
-3.03749138638
-3.94151321831
-4.63866359129
-4.65122173305
-4.21381766732
-4.0063213953
-4.24836423693
-3.88756638164
-4.19408780265
-4.19528170682
-4.67466796634
-6.02843278288
-6.16144654229
-5.68915154488
-6.351578884
-6.35684983334
-6.13401658754
-6.35968103179
-5.96021617954
-5.63788497337
-5.94619671344
-5.57975026997
-5.88358281826
-6.17722920269
-5.94007402967
-5.96485949081
-5.61047419369
-4.4098025261
-4.80213357243
-4.5166553197
-4.89978517668
-8.76721080793
-5.97837604177
-5.1045905329
-4.28999991358
-3.71438427239
-3.8455211428
-3.46079882728
-4.01941105516
-3.27128505717
-2.89120886206
-2.60989262099
-2.70349441831
-2.43096723897
-2.46508337416
-2.29893780078
-1.99573384542
-2.04453023099
-1.84484772637
-2.97160342788
-6.68452709416
-4.71884628483
-2.80803458427
-3.41990301359
-2.80118809584
-3.12758811006
-4.0434976327
-4.47751310754
-5.03241173559
-4.69651109816
-4.35453233821
-4.61854166253
-4.60070518555
-4.20604452897
-4.53910523024
-5.00372029252
-6.18690190756
-6.8568143729
-6.23835609616
-6.19991752746
-6.73081733523
-6.28215808794
-6.93058394386
-6.77954442816
-6.39759411893
-6.57302356816
-6.70848772524
-5.82552436372
-6.78579110559
-6.33338128255
-6.40743146364
-5.98634105338
-5.12588754052
-4.45904466604
-4.82785084001
-5.19943218301
-6.4158867851
-5.05421907616
-4.88266330625
-4.37988575496
-3.78722246011
-3.64572003404
-4.1436280358
-3.1705992554
-3.33526927841
-3.12934479984
-2.80551804708
-2.86588777527
-2.60906664152
-2.37378198361
-2.23781361336
-2.00053266205
-1.97410734879
-3.81510829361
-5.68913636949
-4.70251447852
-3.11893141914
-3.13491029241
-3.2583377078
-3.26249019626
-4.8023729295
-5.45495262034
-4.91745590503
-4.7649311682
-4.81841054144
-4.84865774257
-5.04679631062
-4.9036304733
-4.50298675505
-5.32307526024
-6.78552657025
-6.17538464836
-7.54618690595
-7.3905704755
-6.62428451805
-7.24060012251
-6.40457242565
-6.48212501017
-7.12800273667
-7.01889733054
-6.9580827108
-6.94427759339
-6.12340468747
-6.96203415828
-6.74151866792
-5.75067412558
-5.31579066782
-4.90174361589
-4.51234946526
-5.55646027654
-10.4293363418
-6.95631909367
-5.19460155392
-5.38978439755
-4.76784528954
-4.11540282174
-4.02691647253
-4.2766153224
-3.40979678575
-3.55059203206
-3.23754689388
-2.91242105591
-3.08209714861
-2.86832183579
-2.78223639484
-2.39644812557
-2.19980495415
-2.13830236779
-4.05051805585
-8.17743617238
-4.70505049371
-3.24114285616
-3.890901824
-3.44982106744
-3.8224079283
-4.33116282359
-5.65654620735
-5.26091794427
-5.59731856928
-5.30739299647
-5.26326350994
-5.29337426933
-5.16827625457
-4.7325
-5.52071299171
-7.07135737918
-7.26639344268
-7.5226379249
-7.37413771503
-6.48530610871
-7.47755369046
-6.63748305491
-7.47159763095
-7.16141342978
-7.15089301665
-7.28725886555
-7.27162263398
-6.63938040381
-7.28691715005
-7.2123832357
-5.9262569581
-5.79126526691
-5.49086454267
-4.45013502633
-6.75907711225
-10.5645433137
-7.68958891508
-6.40005525033
-5.58066989207
-5.10085770441
-4.81549350447
-4.15178813708
-4.449038783
-3.64795565897
-3.66972947606
-3.51389817766
-3.25847296544
-3.29736768529
-3.04260031797
-2.74232598973
-2.52333127185
-2.52383699404
-2.29656026085
-4.33026285989
-7.62847997758
-4.10724942476
-3.63617937413
-3.83302488398
-3.67399376153
-3.52801945192
-5.02024432063
-6.18242785121
-6.00842072278
-5.7818808471
-5.76320748249
-5.17389301051
-5.29625538418
-5.50411582107
-5.20243200276
-6.66373474773
-7.48341419266
-7.12252593095
-7.79775758242
-6.95194620812
-6.82438205816
-7.85611439533
-7.7462402423
-7.48371159968
-7.6267689687
-7.03337307528
-7.60115541852
-7.58351326881
-7.07081373415
-7.76042804153
-7.21324153173
-6.55211718729
-6.44036660572
-5.0958560535
-4.80930364455
-6.17251004629
-8.93082746478
-10.432365779
-7.99005007966
-5.88265194765
-6.02027687078
-5.43231634861
-4.38253182646
-4.90140547474
-5.07727638178
-3.82947592859
-3.94578887518
-3.47480044706
-3.21885189299
-3.49391618413
-3.01133866044
-3.24125665172
-2.82000592843
-2.46911732841
-2.45527890303
-4.62824408576
-7.26725357289
-4.69847308446
-3.75766702048
-4.06573345711
-3.7834562561
-3.87887262619
-5.4672250114
-6.52302896719
-6.57534126062
-6.13290732949
-6.20781028177
-5.3879137194
-6.03941862169
-6.42551090281
-6.46435071891
-7.54326714429
-7.93774326477
-7.19902556723
-7.8979730186
-7.15696484649
-8.16673882366
-7.55235355085
-7.83974446759
-8.04489666492
-8.08980131991
-8.07791706649
-7.25767198559
-8.27367201761
-7.75325014034
-7.47450307378
-7.65116802458
-7.6218375248
-6.23797815048
-6.27540275342
-5.60183201422
-6.42662002569
-12.1932877809
-11.0657300353
-7.1800094704
-6.79076190216
-5.67967840115
-5.79688417975
-4.94795975344
-5.02862217447
-5.3524472093
-4.46004200528
-3.74068815429
-3.93226060687
-3.78255426702
-3.75865818437
-3.51431358297
-3.25983613077
-2.52141629526
-2.80633950573
-2.31254880748
-4.87319800129
-9.36796826517
-5.87083452935
-3.85741871655
-4.73493879564
-4.07889446127
-4.21034108717
-6.63421578572
-6.48740483923
-6.70246611328
-6.03166861772
-5.92725347488
-6.4382281338
-5.91053232031
-7.76280242812
-7.77559926114
-7.5568553302
-8.28326923168
-8.396512329
-7.38926528836
-8.57204680448
-8.40377829296
-8.08260417247
-8.51079316219
-7.67012011389
-7.75218559054
-8.4211566856
-7.8167935277
-8.62192763821
-8.54060635863
-7.50129238225
-8.48938037721
-8.28113625081
-6.16031540087
-6.19203251229
-5.64484142937
-6.7925
-11.9743451673
-9.62589948872
-7.92259169051
-7.082684881
-5.96805082346
-5.84215303621
-5.43305737369
-5.28379106154
-5.31192977718
-4.6431226592
-4.11803708954
-3.81082139218
-3.89045374011
-3.4482566441
-3.88941391482
-3.52152488375
-2.99041479956
-3.00243699698
-2.75261277528
-4.17703942169
-9.80461929377
-6.38700970664
-4.1973246923
-4.77094602503
-4.17411769638
-4.65602338265
-6.49514251795
-6.6672267795
-7.13541352032
-6.97032320706
-6.77523487018
-6.6524979843
-6.82665754791
-8.17858339814
-8.54427728946
-8.82849429754
-8.4591723151
-8.84623523168
-8.3637611423
-7.6942399065
-8.91467917691
-7.67935748535
-8.90669961065
-8.55383683699
-8.82834341158
-8.9950994187
-8.91716216945
-7.90801409914
-8.99804703541
-8.84760017624
-8.51989646388
-8.31605530112
-6.49026607741
-5.24971512159
-6.59257233258
-7.5250571507
-14.5215746457
-10.4082824576
-8.46837779062
-7.31489248471
-6.88723462731
-5.75101575726
-5.75500932813
-5.75649174548
-5.41457329824
-4.99132126532
-4.63835183178
-4.1042490968
-4.11591643875
-3.72502692913
-4.1366620344
-3.7762852723
-3.05457686197
-3.05225834891
-2.85709479389
-4.31629420877
-8.12858059607
-5.2297204466
-4.40942878838
-4.87215035209
-4.25898316777
-4.55116045358
-7.30541112194
-7.5934662729
-7.49598854034
-7.32255569124
-6.84566254479
-7.09237907105
-7.31826199505
-8.29651708423
-8.3549584047
-9.10037748835
-9.34454674066
-9.11761202297
-8.78640845386
-8.32088560739
-9.30130545749
-8.26086020327
-9.41974956114
-9.34853237485
-9.52864746081
-9.25905873629
-9.36777458575
-8.46466371911
-9.45274681988
-8.98072738425
-9.01199916866
-7.64570564756
-6.14129209831
-5.51499983559
-6.34577121579
-7.51794194439
-15.9874362322
-10.2173345343
-8.89631171241
-7.9989403009
-7.37465635723
-6.11025881331
-5.38296325772
-6.564045759
-5.39313820705
-5.27205897892
-4.89606814222
-4.4718490907
-4.38449077707
-4.35735387199
-3.88078171371
-3.86393428767
-3.28303412456
-3.25675721899
-2.98970235133
-4.85946939583
-11.0145529437
-6.2962706971
-4.25873414283
-5.3874493973
-5.30151313185
-5.93770350853
-7.21708663532
-7.7150985328
-7.04726088209
-7.23140323509
-7.035674419
-6.94763838555
-7.29443291628
-8.2653730924
-8.46007360414
-9.77994002195
-8.76992265835
-9.55341370731
-9.68076031477
-9.09240437828
-9.87636774986
-9.80869827551
-9.19044111143
-10.0638275794
-9.65280823319
-9.57278166883
-10.0901385229
-9.15719822675
-8.73231779627
-9.54033569993
-7.95292354554
-8.41231896304
-6.95478836216
-6.83925339427
-8.07577613652
-11.3650898477
-12.4283270895
-8.38854664571
-8.05184102009
-7.72714861658
-6.65798218304
-5.99932539825
-6.59680334611
-5.42538835994
-5.2502141096
-5.13008936813
-4.91339879963
-4.61521968427
-4.32145000121
-4.30758973062
-4.29131847324
-3.28682932959
-3.23548255698
-3.22921267314
-4.836171121
-11.8357654329
-6.52541539349
-4.45170917638
-5.28029721732
-5.58278928938
-6.30734699597
-8.08324359234
-7.419218956
-7.03359667356
-7.37830955051
-6.80657152127
-7.39803071408
-8.05567029685
-9.87572922894
-10.0809232261
-10.356331317
-9.27478355201
-10.4494589835
-10.455909982
-10.6730963624
-10.4637834668
-9.79815631532
-9.66550606211
-10.5198474669
-9.39760559601
-10.4206847431
-10.6975502455
-9.96243065656
-10.3533705652
-9.57684375306
-8.77888828525
-9.01906035317
-7.99252358217
-7.72059470999
-8.49387806825
-11.3951725705
-10.2579923334
-9.60418079986
-7.42953159738
-7.87655649036
-7.33828004119
-6.33966391977
-7.4589138809
-5.58646392974
-5.01450888272
-5.15816305322
-4.61967738288
-4.59087222853
-4.55820158497
-4.26938845391
-4.28742746375
-3.87988910062
-3.14428793899
-3.44214554846
-5.80235725807
-11.5326261706
-7.9231051135
-4.60430861168
-5.03205111284
-5.88926593492
-6.3962023045
-8.1403140493
-8.00168262093
-7.20899643284
-7.62663778555
-7.6020065294
-7.07438717064
-7.91510050443
-10.5624153705
-10.0091064815
-10.9410784823
-10.1522888511
-9.85502787325
-11.0537507183
-10.1631869377
-12.2091509069
-11.9516037999
-10.9807220522
-11.8614700194
-12.2136906947
-10.3670346899
-11.9169685959
-11.8988813216
-11.0314041661
-11.1632579188
-10.0878490348
-9.46692061957
-8.7953256794
-8.05291934703
-10.7126827433
-14.0415228316
-16.6573226335
-11.2999421484
-9.59550174526
-7.842116135
-7.86762587267
-7.60768918679
-6.83258513266
-7.54387725043
-5.7136488803
-5.40406476167
-5.62002078495
-4.65381279334
-4.91921612041
-4.6690110116
-4.21464144112
-4.26509516657
-4.11508760491
-3.38757342533
-3.5477272834
-6.01970231752
-9.45925340837
-7.39403254716
-4.82134739651
-4.93386957316
-6.97330075132
-8.13062079347
-8.27191319234
-8.17237191041
-7.60473072831
-7.86294175288
-7.69381237285
-7.08170279368
-8.61582308141
-11.6502104782
-11.0830722452
-13.0861124927
-11.7156012883
-11.5739396816
-12.8717939105
-10.7820713775
-13.2978423324
-12.9088055689
-11.6663991635
-12.5294217575
-12.7139999619
-11.3912382652
-12.5935738406
-12.5766324404
-10.7860332723
-11.7050769443
-10.5010774753
-9.03722457789
-8.93729294806
-8.15012301495
-10.0353560782
-14.616705565
-18.5675300969
-11.0544881492
-9.98856216956
-7.83619538281
-8.60431419363
-7.47197180599
-6.91911380932
-7.80608390796
-5.94769701168
-5.54631935864
-5.65605802329
-4.99413483679
-5.09670601982
-4.69555713136
-4.16459388148
-4.51492983386
-4.21266762526
-3.53829224543
-3.63706210105
-6.56326160483
-13.838640059
-7.48845723425
-5.0222650294
-5.20662149346
-7.46450857058
-7.35530450696
-8.67460091401
-8.78442771355
-7.4967757284
-8.05758826047
-8.06890201325
-7.17632955266
-8.90694379184
-12.6053886694
-11.9730308215
-14.0114503046
-11.6961546449
-12.0258608439
-13.7819769476
-13.5938030971
-13.304163181
-13.5147281498
-11.9585412319
-13.2155524017
-13.3100221992
-11.5967221174
-12.6033168843
-12.8699358054
-11.5989975687
-12.5281167009
-10.6249260877
-9.67681653129
-9.63006680974
-9.40383465458
-11.2545918105
-16.545129959
-12.1255398285
-10.4508359176
-8.53390161869
-8.99769377625
-7.85166435912
-6.85856131383
-8.06224272725
-6.03350365996
-6.31774073634
-5.99219694833
-5.18913803207
-5.24857962534
-5.09622495546
-4.81657706725
-4.67300849411
-4.30594266123
-4.07390401825
-3.88331010163
-6.23802141881
-11.150463446
-9.23961553081
-5.48964049457
-5.51876760445
-5.78631491202
-8.47961073851
-9.08931409404
-8.64302953305
-7.97971211999
-8.55651804636
-8.44712337992
-8.07843535412
-9.37990047042
-13.3474720249
-12.2541803126
-14.7570565083
-12.9747479685
-14.3794237246
-14.1879263724
-13.8904189244
-14.1151953681
-14.0184829051
-12.5737694581
-13.3076835601
-13.8061466422
-13.486804048
-13.2683950148
-13.4502915221
-11.9469946518
-13.093802549
-10.8067831863
-10.9037154163
-9.63240324059
-10.5866037906
-11.5089185046
-20.7576473856
-11.3961044537
-10.4724529815
-9.5336964632
-8.32069904
-8.38540343891
-8.10808428684
-8.51412095655
-6.87834992257
-6.20912582242
-5.55782261565
-5.92228325996
-5.07609320808
-5.08048513505
-5.01818264869
-4.82560149827
-4.57988641459
-4.22575675986
-3.7489608602
-7.15943018089
-9.62313272149
-9.8637410772
-5.87111976392
-5.37574022218
-6.32263574497
-8.47020551518
-8.7642968801
-9.43652248053
-9.27293523054
-8.16839575914
-8.66788113286
-8.55722346733
-8.89133052813
-13.9199593167
-13.8572682954
-14.396957328
-14.4269132971
-13.5489621533
-12.9292042936
-14.6029124156
-13.1177441433
-14.5179674946
-13.0217782847
-14.41224832
-14.1910872666
-12.5432712764
-13.3447353222
-13.9295312077
-10.5938019319
-13.0649495734
-12.6511303223
-10.4606070148
-10.6723796213
-9.98146982312
-13.0234913531
-18.3353132884
-10.5607621649
-10.485717775
-10.2002964639
-8.71653211806
-8.29281737734
-8.16123920647
-8.25904218223
-6.90834525586
-6.30736601506
-6.46797801704
-6.13329676573
-5.06335762931
-5.35488724052
-5.1969826599
-4.60064342565
-4.42613651041
-4.32295251093
-3.95544946273
-7.40356654513
-13.5844377362
-8.11221856399
-6.05257165308
-6.10231323612
-8.15175097494
-8.34816750217
-9.14703414757
-9.71181735723
-9.27383177609
-9.11732971125
-8.88050334277
-8.97301191297
-10.0453612535
-14.7043873816
-13.3865733566
-15.5648207067
-15.4845575668
-15.0557773092
-15.5451707982
-15.100871311
-13.5650588431
-14.6778592017
-14.4640890199
-14.5691763566
-14.4537503549
-14.333921601
-13.3103768111
-14.74028804
-12.3675455123
-14.1284569155
-13.0825335042
-11.8325563004
-11.1780509745
-11.5673082657
-12.686917797
-21.4313795427
-11.3722211932
-11.2154253386
-10.2100683644
-9.28304477521
-8.3418490196
-9.56572445982
-7.30465822057
-7.36633720351
-6.94640607165
-6.56046434792
-6.00003181718
-5.39001850835
-5.56163038243
-4.90148277588
-5.0378897231
-4.86242802854
-4.45380816016
-4.31383077173
-7.470916248
-11.2167859814
-9.97130403314
-6.12927830177
-6.24364585056
-7.73709566784
-8.77037730222
-9.23414975957
-9.92829193769
-8.86334338062
-9.46294548597
-9.08973396879
-9.22348888536
-11.0490613176
-14.8649150016
-13.5523164499
-16.1945048923
-16.1109946588
-15.9026957097
-15.8100953392
-14.2958500702
-13.6325762138
-15.5035189323
-13.7183277634
-15.1603172916
-14.4953683566
-14.9155171291
-15.6070231561
-14.3272179763
-13.687496272
-14.4808833516
-14.1166735318
-11.8244403379
-11.5432479358
-12.6124187608
-14.3484077575
-11.8239892607
-11.5027221079
-10.6104898936
-9.64487265698
-8.90621456272
-9.63359382215
-7.42822282066
-7.339608561
-6.55031383223
-6.64585125561
-6.36799074987
-5.94143045219
-5.76826420977
-5.31790310588
-4.83535341806
-4.93959351826
-4.63636338434
-4.41861769746
-7.795
-13.4979438846
-8.06508397404
-6.26140718291
-5.88562789653
-7.94465271728
-9.76123240304
-9.69717590154
-10.343349978
-9.97071379831
-8.80418131193
-9.59049758228
-9.51248541714
-10.0749864699
-13.8606744499
-16.1647687029
-16.451993926
-16.4914755166
-16.78139223
-14.2395097485
-16.2049992455
-15.9782289995
-13.5044328418
-15.5197118292
-15.754091417
-14.0251130044
-15.3828601024
-13.6947702768
-13.7563234967
-14.9691162877
-14.3890120839
-14.2418347012
-13.3991599193
-10.4833820993
-11.9961736749
-14.6792046337
-23.1217056992
-12.6278723265
-11.8631331016
-10.94294487
-10.188579333
-8.59818563077
-10.1877570636
-8.50259644
-6.69276568393
-7.08204208683
-7.01776312504
-6.11250808909
-6.23584107055
-5.441197116
-5.62612429599
-5.41166436811
-5.07330064517
-4.76106054357
-4.68325160281
-6.58218659735
-16.9885182635
-8.85840567852
-6.47029949275
-6.63294457246
-7.67564986513
-8.70768292159
-10.6789483467
-9.7414920116
-10.4232036108
-9.95660079433
-10.0660057131
-9.93460583316
-11.8634428123
-13.7478265737
-17.4220500043
-17.0755290172
-16.8594169312
-17.0216035256
-15.3885069162
-14.5774016499
-16.5838082698
-14.3833538248
-16.1050087693
-16.2279138308
-16.2207098724
-15.4937033094
-15.946854402
-14.1700607432
-15.7751950075
-14.7147295134
-14.7761279665
-13.3348036075
-11.5243532916
-11.5286197157
-16.820933394
-24.3879617248
-19.3653079112
-13.1010168811
-12.3039850197
-10.1555125029
-9.83032844195
-9.85193043875
-9.58261206513
-8.75832180439
-7.68070204448
-6.89433407464
-7.30259399591
-6.7030095306
-5.74422144842
-6.02198309292
-5.89581488166
-5.43490719196
-5.24758303103
-4.52886750063
-4.35735212798
-8.22964617354
-12.8061978734
-11.6299380801
-6.83188199534
-6.33296832232
-7.18475658328
-9.97641876832
-10.2774406378
-10.6998997569
-10.5673466398
-9.70153727191
-10.3100301282
-9.34565680177
-10.734655956
-16.2480373565
-17.1320446751
-17.049319804
-17.4783011437
-15.8149918545
-17.1508904254
-16.5472514141
-15.3116537214
-16.5677348006
-16.2093698525
-14.2907895411
-16.0746354165
-13.969535244
-14.6133990974
-16.7692112453
-14.8544645057
-15.1398877423
-15.203060204
-12.2865146129
-11.9995476381
-12.551457552
-13.074623592
-15.3252622905
-12.3217925136
-11.9062702859
-9.45446683871
-9.95937293854
-9.80135232689
-8.03933965391
-8.31480392085
-7.61257379109
-6.87029135497
-6.96050744847
-6.08402056388
-6.01204073129
-5.96278329483
-5.56910245368
-5.35774468779
-5.00857795303
-4.49844820636
-8.30029889363
-11.3757765917
-6.91270214651
-8.26172899116
-7.01416207314
-9.18565116761
-10.7356109277
-10.3250661243
-11.2128504372
-10.8124658568
-10.7809313599
-10.3023679269
-10.3137953935
-12.2799345482
-16.4668425177
-16.1717271711
-18.1930373259
-17.9638026227
-17.212558584
-16.8651471308
-17.1297211551
-15.2132531305
-16.5381120245
-16.0680391473
-16.653082727
-16.5211467337
-13.1386717639
-14.4224304644
-16.7108484418
-15.1575216997
-16.5179268324
-16.1015451491
-14.9094895227
-12.3328636782
-12.8188294854
-13.9017902955
-22.7625446667
-23.2185957645
-14.8024670525
-13.760313502
-11.3358050796
-10.2761074372
-11.5635840954
-9.735033044
-9.26169184041
-8.37246434079
-7.90348216849
-7.466002867
-7.15385213526
-6.25301873809
-6.48011450623
-5.97417521216
-5.77074140798
-5.57212320894
-5.16691099264
-4.55780098414
-8.75136893932
-17.4217970439
-11.3391123202
-7.02500598681
-6.97288422079
-9.06344764189
-10.9168237778
-10.6509252282
-12.0385440567
-11.1511047971
-10.8101920578
-10.7752790835
-10.2612171734
-11.8452743482
-16.4511009271
-16.2689826843
-18.5394344896
-17.6416939036
-16.6886388369
-17.6965019804
-16.8412957118
-14.915012764
-17.7473866426
-16.7341903018
-16.372682788
-15.2648425921
-16.3395016946
-15.0071251012
-17.0290245879
-17.6705013522
-14.9883192977
-16.5318113529
-14.7767723887
-11.0866548119
-12.5957926643
-15.3314024157
-22.8776941424
-16.1718557808
-12.1072457541
-12.3969298767
-11.2597134817
-10.8253721947
-10.5881763387
-9.35632829027
-7.98330960858
-8.15352417273
-7.15447574504
-6.60415497798
-6.81999345528
-5.98830821446
-6.29217756072
-5.87674912198
-5.24651345942
-5.32470253792
-5.13825276234
-7.54826590238
-18.2484224582
-11.3040370135
-7.05104945198
-7.52987870602
-8.1880732234
-10.5587393487
-12.0691829929
-11.8654036406
-11.6588737325
-11.7434918212
-10.5625970392
-11.6023571433
-14.4692921176
-17.5866249703
-18.5434608542
-19.0163049289
-16.7461285729
-17.4833906167
-16.2264290789
-17.5224200581
-17.6654764272
-18.2038840655
-16.6841646342
-17.0348546928
-15.5535167785
-17.5124551145
-17.1051898111
-16.003438708
-18.2654862867
-16.5063965474
-15.2165973882
-15.05471153
-11.5642418823
-12.762860618
-14.8471434084
-18.0206180224
-13.7960433135
-11.2438632189
-10.9476270407
-11.0356218383
-10.3697248172
-9.39481909907
-8.51311974325
-8.32340476081
-7.89788763514
-6.83159636595
-7.08949199782
-6.7949166423
-6.45402464832
-6.36691433774
-5.7059397268
-5.46166427966
-5.27041865196
-7.84105526558
-13.0409682432
-11.3197219397
-7.38420478995
-8.64871319516
-9.41562071536
-10.0603688677
-11.7789265612
-12.1011306561
-10.6530675525
-12.8448029584
-13.2822172983
-14.3735183569
-17.4851524185
-17.2922697139
-17.2143908908
-19.1935747844
-16.9305071874
-18.9898072989
-17.939993309
-16.4154694356
-18.503674876
-18.376894061
-15.8692656767
-17.4568474728
-17.8299493366
-16.3508195489
-17.403232036
-16.2857045405
-15.9110410936
-14.0036067821
-15.1753685788
-15.3229728461
-13.8176181041
-13.1569935861
-15.653093313
-26.2539151323
-16.4707199024
-14.6402776675
-11.1306651613
-11.7644619102
-13.244066124
-10.0548679393
-9.99540158726
-9.08144859044
-7.79871995976
-8.09353659249
-7.68518169846
-7.13785992289
-6.50230074085
-6.21440811308
-5.79726530433
-6.03830757835
-5.09599966648
-5.400979121
-9.41840511233
-19.5620265574
-13.7671541896
-8.49199232546
-9.323420467
-10.4916863677
-11.4855645936
-11.564293026
-11.1324991894
-10.9548967112
-15.71766411
-20.0680487889
-17.0359338732
-20.2246098314
-19.5444231003
-17.6252789809
-19.3624528963
-18.4453701317
-17.2394861931
-18.2373244351
-18.1249524195
-18.1362831949
-18.676031497
-19.4001572122
-16.6694927441
-18.2555301123
-16.4003232766
-17.4325483506
-18.3269901371
-18.1541315431
-18.1112516704
-17.0180946827
-13.7799382848
-13.7133659492
-12.8423878248
-15.7999451083
-21.2279061403
-17.2669586084
-14.3770400485
-12.682579163
-11.1641269507
-12.5360172414
-11.0695120685
-10.0175257975
-9.29821252301
-8.48235306057
-7.59718625733
-7.98137231391
-6.63307981931
-6.85865972884
-6.57483032472
-6.48400068797
-6.20778786065
-5.59967246428
-5.05353645496
-9.56122271181
-14.5520205959
-17.3572302182
-8.36766934165
-10.0722527806
-10.9170728162
-12.3621112222
-11.830362207
-11.4374073272
-13.0190283606
-16.4733936346
-20.844032879
-20.0113650263
-17.7085199344
-20.4481016942
-19.9040506959
-19.5238710806
-18.7343431019
-18.2450792134
-17.4170112871
-19.0857886683
-16.743035614
-18.5577281573
-19.5461512824
-18.1553935437
-18.6755500767
-18.6590587278
-16.3031553867
-18.4659838957
-18.5718185474
-18.1120728896
-18.0640228119
-15.3135021976
-12.6915673725
-13.6993103263
-13.2938845869
-21.7163139996
-15.7721570306
-15.7843567744
-12.8140254933
-12.1737150764
-12.6643097051
-11.0045083457
-9.5305581549
-9.60791857889
-9.06669722073
-8.28003589789
-8.01258186097
-6.95129574135
-6.67216911818
-6.9585718345
-6.14043264564
-6.32467952821
-5.86240311674
-5.26515212289
-9.773345673
-12.1251569341
-11.5409944284
-7.76145542717
-11.8275145822
-11.4037773364
-13.6064770221
-11.9304240667
-9.75301565134
-12.4314482548
-18.1775490749
-21.1458564411
-21.7234028578
-18.2240350399
-20.4376818709
-20.3456371227
-17.9788639475
-19.7096732178
-19.8887949681
-18.416306006
-19.5092213329
-17.231996769
-17.5748906626
-19.8291813966
-16.6379759876
-19.5233533456
-19.5085587196
-17.0012903707
-19.459105493
-18.9838483959
-16.8679804465
-17.6664261936
-16.5178280466
-13.42704094
-13.6693325331
-13.3465302065
-24.7030308442
-16.2410929663
-15.6748153018
-13.4309546438
-12.9852458638
-11.9678337578
-11.0047161182
-9.54734186178
-9.47843005187
-9.04052416746
-8.12467033512
-8.19034705297
-7.13854520365
-6.65838849919
-6.76047371887
-6.32703107223
-6.43848591707
-5.99246496618
-5.30255157068
-9.98249157843
-19.4863520078
-14.4731828002
-8.15221498341
-11.8177179837
-13.1782303085
-12.9707142801
-13.7296818462
-10.6937383536
-13.4593251444
-21.8329364216
-19.5287626269
-18.9376836849
-21.4386941575
-18.4114489636
-19.7565655689
-20.6806814986
-19.7011621854
-20.0209705417
-19.9043897228
-18.0723613848
-20.5412152512
-19.6614558664
-19.235813111
-19.6541095144
-17.7856610926
-18.0021813635
-19.7533871299
-17.5656035648
-18.5468035138
-18.9100934617
-17.4108580421
-16.0917891507
-14.6469951399
-12.3951395516
-15.8594084297
-23.7703930315
-18.8933283672
-14.4566816656
-12.3839574941
-15.0144010811
-11.4835302359
-11.6209980151
-10.3111344511
-9.3131040975
-9.18933619015
-9.11392218908
-7.65593776193
-7.91121609849
-7.51566982412
-7.23280597603
-6.92544244176
-6.07724446363
-5.73910216464
-5.90637898044
-9.27011407964
-20.5839968098
-16.2078997637
-8.16984423847
-11.9046438105
-13.0712505263
-13.2385162497
-13.8698968133
-10.998986028
-12.9013187067
-22.2837137071
-20.0672075412
-19.0719946362
-22.0475351682
-19.3008409675
-21.2100849182
-20.2121534957
-19.4177938396
-20.8835802125
-20.6131006335
-18.3221965783
-20.499835065
-19.9214103628
-19.3551719268
-19.9160597556
-18.9198985621
-16.5282244382
-20.0092449141
-19.9788753871
-17.7591767221
-18.6073639747
-18.2820748004
-14.7549220705
-14.5917654069
-14.250116723
-15.0636610165
-24.9883175093
-18.5286194633
-15.6729004281
-14.0870475697
-13.2893974825
-13.1637655603
-11.9281064154
-9.85860455861
-10.0852683567
-8.78204998599
-9.03363556207
-8.38469325922
-8.04012323703
-7.47685828498
-7.34910957923
-6.29696110445
-6.60544198673
-6.27406704189
-5.5278469983
-10.2376982773
-15.0732164877
-18.7443054117
-8.62663739679
-10.0992846504
-14.1982469188
-14.7666692129
-14.3654132692
-12.430726311
-14.6652045359
-18.0161033439
-22.3127458405
-21.9063994009
-21.5088476565
-21.107265995
-20.1396594345
-18.8653381978
-19.9390590629
-18.5377792125
-20.1317317949
-20.4415432979
-20.4585070074
-20.0267410205
-20.6154438809
-18.66241583
-20.4490987708
-20.1292129558
-19.8117172206
-19.4907314478
-18.6221718124
-16.8803719366
-18.646334028
-14.3509353517
-15.3426651825
-14.622799143
-15.9667269803
-24.2735973549
-19.509438195
-14.7631448936
-16.4283102362
-13.7208304115
-13.2669220842
-11.8281005946
-11.3209351498
-10.130072758
-9.71003081996
-8.44696401954
-8.47563809517
-8.09057051139
-7.78927150946
-7.40289466279
-7.12275271857
-6.76523990281
-6.34794435072
-5.66101384257
-10.5095947286
-17.4496799584
-13.3181299654
-8.90831326156
-9.51111190776
-12.4670478099
-14.7454224387
-13.7346022599
-13.7706148457
-14.9472245753
-18.0267443947
-19.7626991771
-20.2263222071
-17.5167152063
-19.4088369598
-18.3530488491
-18.7298891793
-20.6094654991
-18.7710334097
-16.798137173
-19.5657252681
-18.5470803175
-20.5573040981
-20.5598867159
-18.0306764245
-19.5319734133
-19.1003342044
-17.3609887158
-19.4380091981
-19.3918640854
-17.5534613412
-18.7360035228
-16.5239569275
-14.3850945921
-14.728729001
-14.2961183782
-17.937336044
-26.4272966069
-19.2612059735
-17.2306989381
-17.2353303696
-13.4854202361
-13.0456382353
-11.9907198841
-11.1707016059
-10.64316183
-9.21455166093
-8.4605648713
-8.87592923717
-7.73608513463
-7.77247909631
-7.45083343992
-6.80205788772
-6.70243390503
-6.29764536246
-5.68773086751
-10.7880444932
-18.3084057617
-11.8991913854
-8.8655673486
-10.5261568451
-12.6984749864
-13.8861444804
-12.4313332763
-12.9049665353
-12.9262365351
-11.6297841317
-13.0242048074
-12.9780377913
-11.8990989707
-13.1097677351
-13.1111145177
-16.8873591423
-18.2750333956
-20.7314910251
-19.5204643189
-20.0660066957
-20.4932148653
-18.2853183648
-17.482191217
-18.9872918085
-16.595578297
-17.956444266
-18.3950495656
-19.5166995053
-19.1989560568
-19.2810170544
-16.3805114931
-18.1090480007
-16.0270379725
-15.7450482907
-15.8531987634
-15.7525916684
-17.6530627524
-22.4050110276
-17.8096827479
-18.4918366633
-15.476312458
-13.3652406154
-12.2793502593
-11.318101116
-9.29837140773
-9.9791392041
-9.65988217822
-9.0406940856
-8.39923099334
-8.01945957119
-7.65034685351
-7.51851590285
-6.35026825974
-6.39005064766
-6.35511277812
-9.68736290226
-19.2091651503
-13.1371074133
-8.96794899216
-11.8010794161
-12.6513118342
-13.1926543865
-13.4050697863
-11.6167371729
-11.1883859958
-12.2908288416
-11.2030199415
-11.9587115176
-11.8091802785
-11.7117728808
-13.2845970518
-14.6274595627
-17.9330780039
-20.6726042578
-20.8330337083
-19.7478410848
-20.0154766469
-18.1475059901
-17.0534548686
-17.3379472065
-16.1175380087
-17.8142805217
-17.659930252
-17.7249623594
-19.0111384255
-19.2162470321
-16.2679604856
-18.5594943185
-17.8620529308
-16.332035971
-15.6391550642
-14.7248605085
-18.0992947445
-24.9851953989
-18.6673703414
-19.5707257138
-16.1805791439
-13.5259258691
-11.4133937223
-11.8312001815
-10.34
-9.46537860681
-9.64491330317
-8.24694853673
-7.88636440038
-8.26770929885
-7.82304226816
-7.37027918172
-6.94919041194
-6.24271660542
-6.2743193153
-10.9627385572
-16.2905649678
-12.372296501
-9.51819010439
-10.2830292295
-12.9776711885
-12.3120199161
-11.8448941996
-12.5229237487
-12.1279539206
-12.1917604078
-12.2088753521
-10.9272263621
-12.0625435188
-12.4797453321
-12.2637299266
-14.6592444843
-20.0387621437
-18.9367960297
-20.2140325415
-17.5005604444
-18.2463275199
-19.5619440979
-18.917790563
-17.7430393917
-17.6024680895
-15.3682160996
-17.5232026854
-17.5806570739
-16.1942892241
-17.9165177205
-17.8442464201
-17.0992739911
-17.6944698572
-15.4397532004
-14.5662270726
-15.8118022075
-16.734902682
-22.4074816024
-21.9140552133
-19.7494978424
-18.170616619
-13.5995536657
-11.6108465932
-11.9737871768
-10.7274295713
-9.37428595744
-9.90498311036
-8.56771452666
-8.89114934822
-8.1980454627
-7.16616508639
-7.71922066171
-7.21227224659
-6.16890478672
-6.50664458464
-10.9849325983
-20.8915928798
-12.4766026446
-9.27546286622
-10.4182904556
-13.4858432865
-12.1685198191
-12.9791331603
-12.7320727066
-12.2293774403
-11.2717997503
-11.8671626249
-12.1112457342
-11.4587551903
-11.9217734341
-11.5360578882
-14.4681989247
-18.5480090539
-18.0080148373
-19.8877847538
-19.5109615386
-18.3257481182
-20.288732376
-20.5532427128
-17.6117710999
-17.7903989323
-16.9198377199
-17.1772546415
-17.5449457284
-16.1769093526
-15.3972462084
-18.3867563878
-16.3490812923
-17.640372347
-17.8985574693
-16.3791173132
-15.6912892495
-16.0681793546
-18.3383299854
-20.5351566368
-22.5332324398
-20.7536826574
-14.4136655866
-12.0508066767
-10.727012326
-11.1289638832
-9.57149188603
-10.0255187051
-9.3469888853
-8.39669598833
-8.55121172715
-7.99004064458
-7.29431404256
-7.18748040076
-6.88666029874
-6.51463699074
-11.2437812095
-17.5652679914
-12.2247123237
-9.89996579343
-11.4239656009
-13.7032664679
-13.6802560448
-12.2368758529
-12.2087898867
-12.2283646884
-11.2778822483
-12.2554515204
-11.9212473798
-11.2017971699
-12.4673045908
-12.0594226973
-14.5657322009
-19.6714267293
-18.0863141305
-19.5760306186
-18.8548481343
-17.8580378207
-20.2093051515
-23.2378041822
-20.3125856642
-21.2831669743
-19.7174159509
-16.7456947954
-17.1913378918
-13.779345124
-14.8152644897
-17.9697543176
-18.484427521
-16.8278497069
-18.4335618665
-17.8545965258
-14.3750935229
-15.6447086799
-18.6339865463
-18.5099005967
-24.1432480928
-20.9200227692
-15.0989040929
-13.2831820112
-12.3058854318
-11.4239948871
-10.9957367751
-9.30021218405
-9.54243758606
-9.02449261186
-7.83402229072
-7.98323260045
-7.97467189882
-6.91873659381
-6.96711262129
-6.04423011458
-11.5923391522
-13.9071791101
-12.9806396008
-9.8580726228
-12.4901323058
-12.6759833256
-13.6529629276
-13.3336967923
-12.3987820066
-12.4186614297
-11.9959556724
-11.3793552316
-12.1067647884
-11.3319965719
-12.4489551646
-13.2020718302
-15.0825922152
-19.8548572494
-19.1501426644
-16.869313161
-18.1483006481
-17.8188811013
-17.3958978065
-21.5013930862
-23.4210074557
-21.9221733827
-22.2152576345
-17.4097605284
-15.7529633294
-14.0597864742
-17.1242589266
-19.6143831704
-19.2777042825
-16.8871783636
-17.5378832324
-17.5513196128
-16.5892650468
-14.8996801597
-17.9129442638
-18.1527785975
-27.218882051
-21.416454298
-17.3585711717
-13.6444424279
-12.2965182677
-11.094796847
-10.8994761518
-9.48611812793
-9.82223597731
-9.12532025345
-8.42164790849
-8.27845045374
-8.06624785214
-6.84472714187
-6.58756634113
-6.77462883304
-11.1382862029
-22.6101877952
-13.4588575401
-8.69033872227
-12.3338393333
-14.0644750768
-14.0408581149
-12.7203955828
-12.5849973374
-11.6594088703
-12.4175311009
-12.5278210179
-11.4643593716
-12.4874522435
-12.9035083118
-12.5790158988
-15.3827521818
-17.6110295394
-17.2229588642
-19.556349769
-16.7436251797
-18.0865000365
-17.3588531264
-15.647225862
-19.8677882025
-21.7862567412
-19.6709073962
-19.88269888
-15.9895545748
-15.758342764
-19.0797851493
-17.1051658481
-17.1245771319
-17.7832631321
-15.5213460495
-17.9278713215
-17.1544854907
-13.7836353362
-16.2985839908
-18.8123757104
-23.6020648529
-25.681026778
-19.3385083167
-13.4683965155
-12.5473232665
-10.3947474799
-10.025502237
-10.5480848791
-9.12399133245
-9.34278324367
-8.5825995675
-7.87248705429
-8.11664993519
-7.74508651176
-6.59194732853
-6.92910210872
-10.8645005412
-20.2415689374
-13.2034332673
-9.4681871011
-14.2258902187
-13.9586220166
-14.4993915349
-13.2749891452
-13.1367789146
-11.4445880556
-12.8041276277
-12.7627749693
-12.6643232039
-12.6684204384
-12.8190438866
-13.1966969403
-16.405012562
-17.286561696
-17.7681979274
-19.4870535954
-18.9069058408
-16.7887238935
-17.6104176773
-17.8841657341
-18.3808168404
-19.2564761548
-17.8744656379
-18.2527743334
-18.5268372111
-16.7072023176
-19.4774345183
-18.9118311703
-17.4781956989
-18.2690975398
-17.9497299912
-16.3861020962
-16.8749599417
-15.9756947401
-14.8874288002
-17.1463064512
-22.0271487749
-22.0531332881
-20.6987468763
-12.7428234652
-12.2148496534
-12.0675729378
-11.2235011922
-10.7009477564
-9.66702583911
-8.5655408976
-8.93177153357
-8.59791741045
-8.167292214
-7.52058568577
-7.06661764481
-6.43221017813
-11.8359215192
-17.0420766143
-13.8447900356
-10.4268332624
-11.7599243373
-15.0643828665
-14.9685544115
-13.3510792889
-13.0551197715
-13.1222903065
-12.5252710677
-12.5853782751
-11.8778866594
-11.9702216482
-13.6711099807
-13.1604553332
-16.6343607933
-18.2139906875
-17.6268937653
-18.8430429862
-19.1712314789
-17.3029916911
-19.0329335896
-18.5621600384
-17.7955236928
-18.8257922404
-16.304130784
-16.6894571161
-18.6745257955
-16.940775275
-18.5418222854
-17.6969747255
-17.408460054
-18.2931978793
-18.2006739518
-15.433919818
-17.3212578638
-16.0102409361
-14.679516806
-14.3240213754
-18.9425765049
-22.1830285869
-22.018789885
-12.8518151689
-12.5103242845
-12.1136964312
-11.2654563144
-9.94768199134
-9.8021744877
-9.52797033225
-8.43868232164
-8.6437328367
-7.70899954526
-7.93398015706
-7.44795208186
-6.96507960184
-12.1712051731
-22.382343888
-12.786347026
-10.5355167135
-12.1893581335
-15.1242887201
-15.2418590173
-14.0542625346
-12.4244615658
-13.5752993144
-12.1200026332
-12.7550670494
-13.0691984161
-13.1743594149
-13.3982392387
-14.2790335282
-15.215768906
-19.208034254
-19.322888552
-18.8781177471
-19.3171465899
-19.1914989574
-17.3198728245
-18.5918894588
-17.159953096
-18.7394300718
-19.2659893084
-18.1028356055
-18.8134900752
-19.215799811
-16.7169059304
-17.9355832031
-18.4017335681
-17.8700531424
-17.8766688044
-17.5588329631
-15.9718317825
-15.7668777179
-13.4740274545
-15.6963993775
-17.8214512802
-24.8870466745
-23.0694167826
-17.4758242926
-12.4262253694
-11.9099571345
-11.5338521252
-9.99465978437
-10.2068769452
-9.74026837227
-8.3830546617
-8.83566600998
-7.9358623381
-8.10343609676
-7.63756386339
-7.22389809949
-12.4265010336
-20.8209258243
-12.4593573531
-10.6320727635
-14.6156079431
-15.1838802183
-15.1583835596
-14.2369542686
-13.3470539853
-13.815689525
-12.1421074157
-11.1816752756
-12.4794007647
-13.4007930008
-12.6696697165
-13.6753821535
-16.2456735339
-18.9084165767
-18.9123653359
-19.1235149039
-17.6828869911
-19.1010926712
-18.7526873814
-17.2324521763
-18.6911764113
-18.9830244238
-17.2841096683
-18.0209855042
-16.8007971746
-17.0102762489
-18.5806882198
-16.7609986142
-18.1949827351
-18.4348108242
-16.5798395935
-17.1575081732
-17.6717294241
-15.2740333066
-14.9943314302
-14.5486800689
-14.9791876557
-23.3422010578
-22.9845179999
-16.6912243487
-13.7574900325
-11.7215381437
-11.0318720817
-11.0901400949
-9.55461626481
-9.82442134872
-9.41767267118
-8.21737258503
-8.57196706267
-8.34509888177
-7.14243443738
-7.28995975877
-10.8209985051
-21.0817622764
-15.1532677518
-11.1333804726
-14.0632656209
-15.8718792611
-15.0794425545
-15.8137487683
-15.4935401565
-13.6408683272
-14.4884628226
-14.6266138166
-13.1886014472
-14.5184800221
-14.8472325143
-13.8467020166
-16.858651138
-18.9337869287
-19.2583604699
-18.6195443177
-17.3424929886
-18.7974152596
-19.207870067
-16.9883732339
-18.9253321919
-18.3522238272
-17.1251512846
-18.6773685854
-17.0112710202
-17.911163027
-18.366533765
-18.3963390827
-18.4229223946
-18.5489651759
-15.7960479479
-17.687825489
-17.5750141659
-15.2167829628
-14.8594242664
-14.3426138395
-15.3362679418
-19.5358118973
-23.4672586454
-19.3386213193
-14.9020988134
-12.215917789
-11.3806164849
-10.9665026871
-9.63594439799
-9.94749787423
-9.57777687039
-8.83582571418
-8.71969895702
-8.34611765003
-6.97190990994
-7.18864854901
-11.0925227208
-18.7748410836
-15.6095531528
-10.6550910872
-13.7781211911
-15.5596325982
-13.8515331022
-17.354076321
-19.8428312654
-19.2588991066
-18.9904555503
-17.3340639089
-16.4535893729
-17.9248466369
-16.6352321687
-18.0417717157
-18.4407765376
-19.1622799017
-18.3396164818
-18.3347292342
-17.5517822236
-19.2409750091
-18.3789057278
-18.6509731896
-18.7220259332
-17.6720626463
-16.7878697944
-15.977602673
-16.8505647034
-18.4463557164
-17.9491899631
-18.0782719714
-18.2023201004
-17.3822352956
-16.2478499342
-17.4802353473
-17.3645650111
-16.5524711151
-14.9538200558
-14.3675153914
-13.5271960251
-16.7933209403
-22.6106858457
-19.2930927735
-15.0819373672
-12.7443812638
-11.7425579608
-11.1497326641
-9.70785223832
-10.1110561023
-9.40559815499
-8.16507840241
-8.93211366284
-8.5865382465
-7.08528469414
-7.19456338115
-11.2214121991
-21.844040835
-18.313788844
-10.6700200763
-14.1641054135
-13.7519871914
-12.3860322059
-20.0113586428
-21.003564609
-20.4766918994
-19.5249681209
-18.2681799512
-17.6537943547
-19.4242615309
-16.8285251147
-18.5430416188
-19.0581399382
-19.2806726536
-18.7600955159
-19.3803970036
-16.2977538093
-18.9242985288
-18.4835950213
-18.6592479336
-18.5181763342
-17.8774030358
-16.809564126
-18.4722906268
-16.3428826529
-18.550665327
-17.7510168215
-18.3961644549
-17.2900737061
-18.2102058446
-15.9151746366
-17.7863966075
-17.0642433651
-17.340917386
-15.543931146
-14.2411623704
-12.97124576
-16.3871457209
-19.4205850692
-20.3821131117
-14.7443860658
-12.6967647161
-11.9896925291
-10.587200831
-9.78136993893
-10.3220783949
-9.63887644835
-9.16247762261
-8.92746948211
-8.27748257515
-7.27113332271
-7.35993763721
-11.8217904604
-20.6129092934
-20.4848360691
-11.2551132882
-13.8741096153
-12.4104207415
-13.9414416712
-18.7705092957
-20.2978439507
-20.3622314413
-20.6452624853
-18.8553790009
-17.4115452597
-19.2200328994
-17.7984065002
-19.1599549419
-19.491339974
-18.2716593947
-19.0666450311
-18.354237267
-16.8943762062
-18.716286882
-18.5880493227
-18.2589915664
-18.2216610332
-16.8782933495
-16.7383639324
-17.8627713769
-16.6978391604
-18.3353079558
-18.155139138
-17.097137172
-17.4834012892
-17.987082025
-16.0931288952
-17.0752425513
-17.3510977893
-17.1284446794
-16.5196595983
-13.6293019251
-12.7524828945
-15.1303097357
-19.5053880591
-25.1624517461
-16.9955680839
-12.7727699187
-12.0707349881
-11.3012992077
-9.76589946237
-10.120363215
-9.91563836894
-9.46239390197
-9.02729127164
-7.95663843926
-7.29760320324
-7.55410888728
-12.154632324
-19.4118823868
-15.5138434409
-10.6999072838
-12.749232128
-12.3645519345
-12.7529758622
-20.6824157477
-20.8641285152
-19.9123647808
-19.9555878794
-18.3849991004
-17.5149309355
-19.2262616045
-17.5406746592
-19.3659851765
-18.7616168616
-17.4598904426
-19.2716718884
-19.0621980745
-16.5041579007
-18.5174289719
-18.3905539186
-16.806267869
-18.7229955394
-16.8034255494
-16.6641168235
-17.6729819487
-16.7941421292
-18.1201381445
-17.9420836566
-16.4727762188
-18.1729774362
-17.7707379963
-16.0103564275
-17.6590812187
-17.2394880244
-16.0119576763
-16.6972982907
-13.6492927326
-13.014371866
-13.7792335597
-16.4919156074
-24.3673106306
-18.4485090839
-12.7828348227
-12.4982528622
-11.8028053393
-10.2093123869
-9.97050711197
-9.56495239275
-9.48322969415
-8.89744156028
-7.98029477845
-7.40126707909
-7.63533949722
-12.0290928586
-21.0498710803
-18.5303088509
-10.9488559932
-14.0559102194
-13.2946680004
-14.5814911563
-19.8904540057
-21.0797417345
-18.4074159344
-20.1618120954
-17.8438944954
-17.6112229477
-18.4376686491
-17.5538826286
-19.3569872685
-18.5642381786
-16.8038576701
-19.0590088561
-18.9480294779
-17.1629930997
-17.9407118776
-18.4842490522
-17.1553262408
-18.0145668761
-16.6395740251
-16.7507048221
-18.2414344947
-16.2871524718
-17.7165890809
-18.1275
-16.5539290667
-17.4574295028
-16.9883913034
-16.0968335589
-17.5365281835
-17.6208261209
-15.9215214943
-16.7743095979
-14.4835656819
-12.9631085472
-13.9935260923
-18.5094268777
-24.011090241
-17.0319052322
-12.2474487139
-12.5672526136
-11.7062450801
-10.3611757716
-10.4258054637
-10.08130093
-9.07982404651
-9.25597837397
-7.91683202513
-7.50829516671
-7.83345993235
