10.8307972486
11.3296531069
9.56061720761
11.5965865348
11.4300823721
14.0805798488
13.6281510804
13.5926486482
12.7237466533
11.4270077923
12.694283984
12.2381561156
12.2992470719
12.4797915756
11.6966029509
11.040027234
12.2876796302
11.249778741
12.1952197981
12.3499330958
12.1520789668
12.1769619755
12.1436206979
10.7832488314
12.1266298723
11.7867412912
11.8560729715
11.974747343
10.9274399368
10.6669054334
11.8507959396
10.8841675331
11.9475076847
11.8050443889
11.5965820302
11.2732321109
11.2954751364
10.3854323369
11.1529478029
10.4931016279
8.54099503403
8.70164535841
11.7630161631
15.5582017207
14.1099622745
9.48216146944
8.60217726059
8.12628647217
8.07345730419
7.58878300393
7.1668435783
6.31708479255
6.42295831461
6.1423391894
8.2532225847
13.243814391
12.634556167
8.0650186508
9.31297863787
8.63356097263
13.695241798
14.3712968389
13.8380627523
14.3787173331
13.361182936
12.0300204387
13.2066503907
12.9063419845
11.942077063
12.7944910218
11.938098773
11.0734753237
12.4789842919
11.6371281337
12.3915259497
12.6661663921
12.2813213809
12.6759768719
12.2804713931
11.5112896343
12.5597995196
12.269764848
11.9212889379
12.4744588671
11.6416759646
10.8365297263
12.2178766466
11.1088892747
12.0690874078
12.1078944952
11.8997043024
12.255238151
11.9009157378
10.3959154108
11.3832189601
10.5463549321
9.3121452667
9.50985797078
13.3131275538
16.4964187104
11.2658160692
9.07837868026
9.07829615711
8.29406717225
8.05459634761
7.7784957569
7.47637909194
6.49883891821
6.45145307995
6.34441799805
8.86598053425
14.544683819
9.93053640258
8.17893429409
9.70545927408
8.6056041184
12.7103822427
14.8103890848
13.9083659525
14.7379027107
13.7657790363
12.8937062364
13.738133356
13.6198795861
13.3032260916
12.9266106768
12.4525382717
11.8956068029
13.0394471701
12.1410412679
13.0722757663
13.0497163781
12.4701826057
13.1194787769
13.020290114
11.7952245283
12.8762010572
12.7646363435
12.7141721963
12.7230048775
12.0474745129
11.4711375134
12.3988903691
11.6052054123
12.5647344684
12.2230694013
12.0718381136
12.3016914805
12.2645819572
11.0762587613
11.4306183547
10.7564846435
9.32861537855
9.83636003113
13.2414509342
16.5696005597
11.0487042887
9.25925985719
9.17410589382
8.3451842334
7.82368021851
7.93347755671
7.49351486123
6.37462783699
6.68618673868
6.4477988173
8.63409923839
14.3129653117
12.0844649072
8.15914318605
10.2526792883
8.88659320725
12.7784617638
15.494580864
14.7566421961
15.2570814164
14.5275142048
12.7868412697
14.2091247695
14.2273472142
13.8237505657
12.2463452299
12.8690138113
12.5156849028
13.8869324569
12.5421791945
13.3877497822
13.498046781
12.4127923546
13.6479980825
13.1398398684
12.1333113324
13.3260996664
13.4840860904
12.7659787794
13.43890181
12.3382169387
11.6391210652
12.8975932616
12.0628884671
12.9420578439
12.8603612765
11.81293032
12.8759540764
12.5703015547
11.4058640771
12.0892859882
10.3456849903
9.34075806824
10.419556505
15.1837160607
16.2613238291
11.8438967364
8.76289401733
8.87592923717
8.54593557383
7.97413394032
7.9100725978
7.02459434948
6.6778076935
6.87088742919
6.51702862811
8.63460354481
16.5095146037
10.8231268202
8.5395253569
10.6786094129
9.16919855968
12.1935547303
16.037316251
15.1062401448
15.8764922198
15.0981962227
13.2628682462
14.4728903118
14.4914510218
13.6759479355
14.0840477854
13.0478053634
12.9207342619
14.0720445773
12.7750010432
13.9039018418
14.0274758714
13.068302558
13.9013473686
14.1516245765
12.3585433221
13.8544331802
13.8024766256
13.1992260639
13.688369619
12.7537460703
12.5577967063
12.3652868424
12.2285542364
13.545118354
13.3096309791
12.4705675748
13.4090046111
12.8748072164
11.4988251752
11.8081685053
10.6373434882
9.51415158526
14.5147305299
19.2632581908
14.5001544615
11.4702194817
8.61761926542
9.29634353275
8.82306630663
8.01945957119
8.09188115762
7.95046704402
6.85611583013
6.94126907413
6.63800494567
8.7610530189
16.0983691745
12.1618944908
8.4595298367
10.9122951923
9.42508643327
11.0055992084
15.7351656863
15.3769468545
16.5102025556
15.8562137521
13.6879524936
15.0365753842
14.5306658153
13.7220537561
14.7735647419
13.5331189541
13.0305585646
14.4721679775
13.3114794972
14.4454261502
14.2788509193
13.1779216185
14.5930709219
14.2566503296
13.0670616301
14.3950572179
14.1947280977
13.7104675383
14.3109220288
13.1108938482
12.4191695361
14.1759756281
12.8272312381
14.0926828695
13.8493406513
12.8885434055
13.5758828598
13.5457203423
12.0675729378
11.3155953546
10.5237803667
9.81601768592
14.0508340478
18.8200518795
13.34
9.82395288719
8.66113214624
9.42035257408
8.66572276466
7.99045241747
8.23688921409
7.88397849858
6.89386923903
7.24437752546
6.75695926263
8.80471915615
16.5566801571
14.1767395119
8.79265259455
11.4455210196
9.58814138609
10.9456074792
16.1716005799
16.0490029612
16.8881935965
16.7468457897
14.6026340244
15.6133388909
15.3918335662
14.0292439136
15.1055800909
13.7672432869
13.7581614443
14.8730471708
13.6029828678
14.330316007
14.5258764908
13.6660154983
14.7660738381
14.7332941912
13.48218667
14.9608969518
14.8312695736
13.6681987078
15.2065256623
13.5432926024
13.6082418276
14.5005259639
13.0491436417
14.4140144787
14.2421403052
13.3210214401
14.2818290654
14.0124701546
11.7340821155
12.4150721649
10.6569824987
10.3493458714
18.8551310331
18.8403453375
12.5738292557
10.0888503988
8.62454695791
9.58332563066
9.1365526211
8.09169743921
8.37938823431
7.98494254335
7.12569034687
7.04413665159
6.87385534433
9.09072651113
17.1988191996
10.8978409743
8.74960985333
12.0087577661
10.8994173725
10.881115152
16.797379269
16.3170419841
18.0587380985
17.1201712502
15.1408626594
16.3748620706
16.1405973297
14.7531946247
16.0007171566
14.3346246878
14.3935907364
15.4344476338
14.7291312676
14.5696507438
15.15083274
13.7586356922
15.4098829249
14.8991842006
13.7073565544
15.1318828404
14.6814699193
14.1806039086
15.8123052272
14.12417073
13.9107440929
15.3319153849
13.1996110191
14.8184534062
14.8095018282
13.3304957312
13.9654732231
14.1658124149
11.9868932596
11.3674611189
10.68593873
10.668938743
21.1437367036
18.2816909431
11.4754511417
10.4554831749
9.07284503711
10.027214778
9.28914481908
8.22683920974
8.3352324927
8.15432267351
7.13026224693
7.24775859156
7.01802169061
9.37848769752
16.6587693894
13.4501543245
8.62350843476
12.5507941352
11.6747980658
10.9013385554
15.4085796604
17.3969736541
18.8930436423
17.6889301714
16.0196259159
16.2972174546
17.0307866474
15.0631574842
16.61041912
14.7728956309
14.4906210625
16.3547209449
16.5264982107
13.5824739338
15.7142407396
14.3938760523
15.4120614726
15.6281992644
14.2044934015
14.9750835237
15.6531524304
14.2648735026
16.2492277405
14.5771390396
14.2815275364
15.9383284011
15.3195757702
15.2298679593
15.3952521697
13.9843026073
14.6713656513
14.7279937662
11.7181242779
11.5507310493
10.9591754667
11.8239771993
22.6422816115
15.6790451657
12.7009179587
10.9441135978
9.38130395242
10.0396985337
9.66317901497
8.2925992053
8.50702993568
8.14395638549
7.21838452645
7.39518599865
6.96066839007
9.41122846538
18.3441955598
12.316899749
9.7600948368
13.0171421077
12.1797704552
11.4838005933
16.2850881048
17.1071802369
20.0070151724
19.2425831697
15.7799652625
17.451458512
17.295818259
15.8394647182
16.9563882258
15.4525836549
16.5204537419
16.9681174132
16.869313161
14.3895670242
15.8742345279
14.4009483852
15.9923124021
15.7817739376
15.3352613803
16.2188338944
15.8160512796
15.0132937314
17.0895714468
14.6536597379
16.6515244989
16.186359273
16.2922028141
16.1989224718
16.0057648741
14.2019251008
15.6048834682
14.2197376277
11.4605910758
11.62063571
11.6708284193
14.5206270642
21.8189647725
14.8426847435
12.0233657029
11.2245206547
10.4949510922
10.0545356457
9.63035696851
8.52837386125
8.79140091215
8.45190371143
7.33071639481
7.3594428013
7.27244500927
9.55257420569
18.0146211702
13.5736942086
9.84548057707
13.3196294659
12.2711209568
11.7857881192
15.0698290766
17.7434049259
19.9443230253
19.3052625074
18.9120467347
18.110690589
17.5555813967
15.4529918089
17.4922315204
16.0896665952
17.3180007617
17.6090911907
18.5350737255
14.0657969051
15.7050035904
14.6882603377
15.8094098164
16.1097740198
16.4125911205
16.0148864556
16.4085163432
15.482271752
17.7683354635
15.3513987606
16.8031168542
16.819245142
16.344155133
16.4422115066
16.5410811353
14.8986210692
15.8392507259
14.1978776098
11.5255567644
11.9066607624
12.0195530552
16.583183611
22.1466603268
14.6137467294
12.2039427161
11.5687058723
11.0757503436
10.1081521953
9.91068776574
8.51366302479
8.96200455231
8.72976120281
7.46847627919
7.46997309975
7.20591468504
9.48118072978
19.6510279626
15.9140204498
10.4926139022
13.5669252767
13.8424937137
12.428049887
13.7917958115
18.1005881706
20.9855826587
20.7942706303
20.1091899695
19.3385583618
17.9008642656
16.3103481922
18.5564475748
16.8308257296
17.9628631209
18.2707925443
19.3694846446
14.0140410616
16.2663435477
15.1244953783
16.7324254608
16.9750996777
16.4743590805
16.8826039261
16.3693317618
15.1439739722
18.4676438962
16.1795966075
17.666141692
17.3727465544
17.284925678
17.0863905013
16.8826506446
15.4540430464
16.7577217554
14.0974336067
12.3146596879
12.2518573456
14.258289102
19.6187620365
17.4716500142
12.8689171176
12.5126883331
11.736359592
11.2892613775
10.3066407817
9.96253982971
8.59707987096
9.09188194882
8.74144280901
7.85732832842
7.64217926294
7.31034282199
9.64525162415
19.3663542848
13.443149369
10.1907540187
14.1181979343
13.7377123587
13.3776556966
12.9756535093
16.964632626
22.23628909
22.3188845048
20.6378544794
20.4413727584
18.5580665322
18.7939532062
19.1431724483
17.43729442
18.7339598052
19.1782402829
19.6402773079
14.8097578053
16.9351559833
14.8975629901
16.7850091164
17.5003713985
17.2617374223
17.6073280317
16.6894571161
15.7592402857
19.0773254521
16.7743095979
18.237340366
17.61562407
17.8437985094
17.8609628802
17.5382518383
15.5808443943
16.2934409527
14.2137960951
12.7930229385
14.5902509281
16.7770304675
19.7466381628
17.0128064478
12.9071175332
12.4925976995
11.6595830659
11.2267464505
10.8040105031
9.92087632533
8.64635697662
9.17931697116
8.56285978439
8.23274928431
7.71659711963
7.53006010167
9.98294387559
20.6735241976
15.1728125446
10.2962544112
14.0615798076
13.867246312
13.9630996104
13.9353601442
15.311112407
22.9778308557
23.0681166275
20.9161148665
21.0919520164
19.3452200269
19.8300140034
20.0955604218
17.9564497836
19.8953992968
19.2089564261
19.4369100324
14.8743529686
16.8876243739
15.5427161431
17.3788954846
17.6341864936
17.3062870999
17.2561245519
16.6440772332
17.2339466805
19.7047514602
17.3947117976
18.9487382848
18.9841955066
18.0843866134
18.4460738107
17.5588329631
16.3401143115
16.4174527694
14.2544008334
13.4247970951
14.3893077278
19.1791190405
20.1612577336
16.1674738108
12.9432666469
12.7909212469
12.1219176977
11.6014307034
10.7893636399
10.3323341744
8.83480531095
9.22266617083
9.10116554388
8.23801273419
7.78778023932
7.25138281008
10.1127124297
20.1090993004
13.3083077243
10.4300956973
14.7447353463
14.5310700815
14.571036426
13.4339675643
16.4154343433
23.1246995288
23.2086344501
22.1251046291
21.7697092603
18.8478212146
18.3608162744
20.3567831486
18.4853834323
20.3938568315
20.28193451
19.1235149039
14.7180005223
17.4772354453
15.2946918282
17.1430876879
17.8634137549
17.8245393489
17.5749655314
16.9541431623
18.2794387627
21.0293431829
17.4176436329
19.4377654595
19.6014576449
18.2109062393
19.2894897536
18.9335654117
16.4608887043
16.3401143115
13.9998094475
14.6241269837
16.3364247664
19.9962616961
19.5455579435
15.6912892495
12.5237388114
13.0258381422
11.9703960948
11.526021223
10.7293197943
10.3233384783
8.94964918117
9.42401279733
8.98039315166
8.520375171
8.15055434465
7.17859181847
10.2721666354
20.2463544473
13.8597959502
10.225367811
14.7333340584
14.4682991928
14.8187498686
13.659176314
17.8135152794
23.4143967608
23.3461088022
22.2575409809
21.7700061556
18.5651371806
18.7895383639
20.9836878561
18.5201062478
20.4065018409
19.9361425738
19.479265374
15.3950226264
17.4132280497
16.3445379139
18.3305527437
18.0871996473
17.6469401446
18.200074796
17.2541224447
20.0200672551
22.6397100661
21.0835605831
20.3202310326
19.7219746147
18.5489651759
19.2798710765
18.4594870714
16.2893607918
15.6420155048
14.1751936095
15.303880901
21.0026549924
19.6718207143
18.8407692626
15.6062913683
12.939900749
13.4728424738
11.830150836
11.1732070169
11.1761607665
10.2162039216
9.02490904664
9.50083243362
8.97690233863
8.66655335425
8.18525334731
7.26852242178
10.271775524
22.1153536472
17.0511997816
10.787555312
14.596869089
14.9567381291
16.0364475499
14.1613870785
15.2618218132
23.0992152975
23.3257659103
20.4672163056
20.7514712692
18.9992065299
18.5175553444
20.25194881
18.34514589
20.16915187
19.2700011528
17.7546651199
16.936340237
17.7162477055
16.3726763698
18.0404667022
18.3054760034
17.1987038255
18.0098896107
17.0043649344
18.0949591428
20.9841798126
18.7030559416
20.8425989356
19.959979438
18.7728141192
19.5125405935
19.6533803788
16.0365681505
15.2415154028
14.9538200558
17.2925611258
22.9454268727
22.0803388965
18.4335618665
15.2489403914
12.8336612156
13.2778397252
12.583368879
10.9970740526
11.0946882724
10.5788080253
9.05921635325
9.40679639588
9.24346162481
8.77114133489
8.02089312693
7.27540117195
10.4833820993
21.4583111312
12.312565589
10.4438893525
13.9967798918
13.3258928131
13.7872802939
13.2770869531
12.7981388147
15.8213922038
15.1558022428
13.9954510667
14.4790646078
13.0911514399
12.8817965458
13.658177444
12.2862120413
13.8028442749
13.7270937002
12.4101151025
14.3984507783
17.9221015029
16.1663416278
18.0570876776
17.9205686578
17.124910306
18.5282101443
16.3276517069
18.2015430724
20.8245705272
18.6952198439
21.3651429308
21.1378441195
19.1105172962
20.3928384488
19.1397840667
15.6190410443
15.0167388101
16.6211678708
20.1722643188
23.7709803427
21.9951067517
17.1457090903
15.5119964067
13.314590854
13.7227060033
12.4091569907
11.1763319415
11.3863451555
10.4156153526
9.32081508904
9.51609859076
9.35086595263
8.61564802181
8.41479632669
7.22524596803
11.4232078552
23.9197931373
13.0604602327
10.3320076837
13.7049131566
12.6385224161
13.3510599913
12.6427376512
11.3540277291
12.1788089328
11.8843885585
11.1800326703
12.0113947289
10.7007491852
10.8288039548
11.6974842484
11.681760846
11.5404222453
11.4770879354
10.7687814109
11.8340323897
16.6973980686
15.3642336618
18.0638334693
17.9272634485
15.9790400153
18.1179831819
16.510218045
16.031423158
20.0264285925
19.4771152888
22.3454930556
21.2303581266
18.8618985885
18.9827208463
17.5684655867
14.4009309054
16.464708982
20.1283231027
22.3881714891
21.7435355313
19.405710287
17.6651382002
15.68544256
13.463466892
13.5823116741
13.0015188476
11.3533522746
11.1902113537
10.5765862956
9.34326781988
9.83597967363
9.58072844619
8.43638443881
8.14001778066
7.44223219417
11.6660469626
24.3312733317
12.0187312797
10.4088698057
13.6983701335
12.3218566585
13.2388847019
12.4553914663
11.2129836325
12.2166421678
12.054390648
11.1487980815
11.7213372178
11.0663755977
11.7104172215
11.6162792658
11.6837824812
11.7464896733
11.6005030022
10.4955554875
12.0096141679
15.1484412462
15.5294478638
17.8714538607
18.0260709878
16.3839225538
17.7349962681
16.1073115513
16.0448766624
19.7619711001
21.2083297505
22.1302417356
22.1928400451
18.3961644549
17.9716783867
16.0722214352
14.7014137618
18.1546437613
28.3894598364
22.1359686435
19.646317166
18.4822865164
19.3138231447
16.0421785191
14.8229331009
13.8010976251
12.879333464
10.8674666299
11.8038005013
10.98836486
9.32803248901
9.81228373928
9.59931565726
8.55805367644
8.26281688884
7.43867911094
14.0902333196
25.0589580035
11.0610624528
10.3867109383
13.839931267
12.4923291788
12.979508076
12.6270859699
12.375129098
12.1290500906
11.8037004822
11.1194921391
12.0118875132
10.961341682
11.8734495712
11.5773856437
11.721276841
11.7022429215
11.7615663986
10.7759752778
12.084895568
16.323703146
16.5250150085
17.960478634
17.8246900184
17.4166107366
17.3578400341
15.5098491262
17.6941177558
18.8300301219
21.4275
22.2104734384
22.5764149313
18.3683803362
17.9491899631
16.7703691852
15.0775418737
21.2609717956
28.6828410252
21.7253485229
19.7166625396
17.8693602692
19.2559823428
16.3979722063
14.7269290303
14.0172050531
13.07860564
11.3341494999
11.9257828512
10.8007935621
9.62483120262
9.91368543853
9.6558622323
8.47971409144
8.55182093565
7.54535550871
13.6353212343
20.6728608203
11.9312863549
10.5858633833
13.6544556277
12.6685786295
13.3083752677
12.6221801718
12.3680217869
12.0420925195
11.9639052099
11.1869127506
12.0883162852
11.0360322262
11.7027423449
11.8950341074
11.8796339168
11.8183741865
11.0963823752
10.8829144047
12.2952303245
16.1835817732
15.2779828322
17.8649844978
18.0015795098
15.7108115883
17.4436252494
15.8897611323
16.8735175271
17.9918505474
19.9661944495
22.1310086068
22.8004598124
18.0298676843
17.3369640401
16.757684128
17.4914321494
26.7037450664
26.3484881515
19.9358113904
20.0463271896
17.3998108667
19.187088116
16.5607031688
15.2946064894
14.3851359719
13.3420593357
11.4466278621
12.0441324921
11.0571675423
10.2712973688
10.1882004583
9.83784067443
8.39543050486
8.56471549658
7.59013478487
14.2507741487
17.4973559525
12.6449313598
10.6249374036
13.573078332
12.0943310221
13.0926307392
12.7423650626
12.1447882773
12.1131501248
11.5995786902
11.1894243809
11.9529584823
11.0722888409
11.9426806457
11.6415647057
11.8314871855
11.7282573844
11.7394682031
10.5357230811
11.8066215733
14.6148849263
16.0701927921
18.2220241493
17.1001905712
16.0044455791
17.6970132843
15.0970045418
16.3637295219
16.7036239868
18.5887641592
23.2650711605
21.5349710427
16.5131981495
17.5020417922
19.1810759973
22.258198978
30.7446839309
22.6195541584
20.9490496317
19.202345786
16.6592251791
19.6322454092
16.5246654836
15.1861817427
14.1412609173
13.3341623899
11.4472290848
11.8161451639
11.2667186512
10.7436793371
9.85179726987
9.63797157702
8.60821224182
8.47500175737
7.5763114896
14.2115540608
23.4833548041
11.6472658119
10.5617530626
14.0169449355
12.2402243002
12.9728772793
12.5402970708
12.4673979295
12.1797086938
11.3983370277
11.2565682128
12.1056335659
11.0257600757
11.9652311435
11.9974082107
11.4255825034
11.6308070516
11.8127219988
10.8425016363
12.1237022647
15.6716065663
16.7621140612
18.2899210084
17.0853344713
16.3039529922
18.0427305217
15.8064021866
16.1197302273
17.6509607478
18.5500882086
23.0038987163
21.0514725279
16.8357891513
18.2601173405
19.3561475141
23.9534939322
30.7406642357
22.5030332591
20.4408914386
20.9816053406
16.2531445335
19.6790055089
17.7050837864
16.0234113803
13.9805156009
13.6601192434
11.6064012766
11.9836146896
11.2175696728
9.98264823644
10.4239441949
9.80822403477
8.65460874741
8.90324840844
7.56369313426
14.3357650385
19.8333634244
11.4436607317
10.5284055479
13.9242698911
12.5173266131
13.1309555659
12.4357983305
12.1936445086
12.4104430338
11.4979600936
11.3196609726
12.2553961648
11.1221267666
11.9477155004
11.659501368
11.3699279665
11.5777481543
11.7108139032
10.9032735641
12.1029766047
15.2631658639
16.2086055356
17.7134410749
16.1179813563
15.4852426594
17.2067947122
15.7203195802
16.3320418561
16.8304649207
18.7122185838
21.8721348415
18.7353818515
17.3522944476
20.118618928
26.1810137438
32.6049422602
31.5907671185
21.7718931494
19.7045203456
19.2991086565
16.6733139742
20.2517632666
18.3133907877
15.6268314315
14.7064734668
13.3674364303
11.9223844761
12.1424801188
11.5219944889
10.601412966
10.2887991624
9.40699876549
8.73025124289
8.76446191651
7.8308564377
14.5190507483
23.3248094157
11.5393274756
10.9060419707
13.5253369996
12.5407116806
13.1956606145
12.8006293176
11.7750381248
12.4336284197
11.5940807694
11.4498773574
12.3578488566
11.2151055501
11.9244819225
11.5993957994
10.8638510363
11.8738783254
11.6104655117
11.0287000119
12.161572562
15.3907629164
15.6970645376
15.9343796888
16.0291770897
15.3436362745
16.6093686389
15.496426841
17.0447345417
17.1455527071
17.9660306337
21.1072155422
17.5930844613
17.2161215459
25.7191626014
31.2032349296
38.7139316175
27.2152402742
21.6539461582
19.2564761548
19.7103833296
16.8126995865
19.7542812455
20.5146366228
15.4119387272
14.5153970536
13.8947045908
11.7500890692
12.2439888548
11.5648028609
10.9288896855
10.3748114916
9.76462881216
8.83596019778
8.91231109655
7.69358450274
14.6349982314
22.0770307603
11.1384651953
10.7012024658
13.9431976344
12.3041347913
13.1556731014
12.8575168818
12.2671203904
12.4066002104
11.542723112
12.0435009624
12.4922805198
11.2690628498
12.1438067703
11.6567305651
10.3271175697
11.846393862
11.7813803673
10.8317284662
11.8380520499
14.9934222171
14.8906924458
16.5830021045
15.5896798634
15.5986413415
17.2346626932
15.5469217914
16.4468342333
17.0188035312
16.8515711226
20.2734569016
17.9272634485
21.8892965606
27.7952407665
31.9279881759
26.9948241731
25.2103252315
20.5461892376
20.3856523543
19.4497091647
16.5039758522
19.4624769401
16.2447382875
14.0434788476
14.0056661167
12.2302065726
11.3148154934
11.4473891463
10.1529594713
10.595642621
10.1013280064
8.90652316801
8.98348379635
8.62484491673
12.6109164923
23.8282409466
12.649231468
10.470181569
13.7923034994
12.5629281477
12.3770493706
12.5991445526
12.4881879199
12.4556551837
12.5915671943
12.1352484386
12.7675247247
12.1621317873
11.1377292088
11.7010746511
11.2729387604
11.2148075762
11.7923403144
10.9838730059
11.3140903659
15.1076422145
14.4493696422
16.7940644512
17.482789744
15.7174719024
16.9522843356
17.2154906711
15.2473315361
16.7378561384
18.0561403045
18.9682009188
18.1575093559
21.9170893188
25.9236317206
35.4106785213
25.3552497996
24.2780576978
23.0920347958
18.3690957055
19.2296788571
16.4450047848
19.7453851545
15.8321446399
14.8208842503
14.0420233769
13.0516044221
11.3024617632
11.9694074131
10.8574952503
9.80742159054
10.3086254516
9.73885676159
8.46757612823
8.38960050751
12.9620302868
25.8274079497
13.3711127359
11.0554033849
13.994119506
13.9194904959
12.0150235165
13.0034541937
12.5787997409
12.4636117721
12.947727491
13.2335646526
11.4816409108
12.2142410018
11.2455316445
11.5620776262
10.9358378015
11.8281821992
11.9572655851
11.7736721571
10.7950083672
14.4209076351
16.0586337352
16.3014152491
17.1861291084
17.2180327824
15.9169339707
16.6051499572
15.6363057733
17.0214893655
17.1914757692
21.0768146033
19.8854385521
23.1103257902
25.5429124774
34.0561840175
29.0268924635
22.7664572227
21.9986109528
21.1090472551
19.8660313244
17.7356806887
17.874698711
17.0675127673
14.9284216544
13.9313644322
13.2095380686
12.4701826057
10.736271539
11.1806278283
10.8005055168
10.5204223297
9.72582100369
9.07945003133
8.9663302759
14.8906078026
28.1151597188
13.0061833005
10.9358905771
13.9882201979
13.4203021802
12.5900013362
11.9997504914
12.6655799377
11.5629647383
12.8531734442
13.0865907631
12.5562174962
12.334892248
12.0840269669
10.9023925885
11.1548697436
11.9454954379
11.8000281723
11.7313173701
11.6239419494
12.4896326745
15.7452767037
14.4888991886
17.2194081094
17.1675964582
16.6308932063
17.0441198802
17.1372508527
15.1139303039
17.221142992
21.742374467
21.2497944126
22.6590483833
25.5333775362
28.5249629448
34.7519722768
22.1584230329
22.9266929575
20.30350874
18.9109833435
17.9621056401
18.3257481182
15.4593470559
15.1106286427
12.9120224041
13.561716813
12.674904036
11.9128112344
10.9637161157
11.0218976947
9.61589378038
9.71426073231
9.10367634023
8.64264290801
14.9317157443
22.2109502048
11.3539630419
10.754119062
12.8892991809
13.9575015873
13.4387554648
12.0410058818
12.6182254126
12.6317600904
11.4659114064
13.356754843
12.5924657296
12.0127816805
12.1996128404
10.9374641228
10.4691371537
11.7091817669
11.0372047604
12.0124771187
11.8589884355
15.2909666549
15.3168883854
16.7462377281
15.6839166752
17.1181798667
17.1367337968
16.9045268457
16.5193138106
15.9114745376
16.0480902762
19.7985456906
19.1575850942
23.8949659331
23.7841061378
28.9426425376
35.6849386305
23.2365099965
19.9658094125
21.1130922838
18.4745303588
17.6607077524
18.6725193731
16.0675288437
15.2095586283
14.5566671865
11.971429676
12.9402325768
11.8798360722
11.28314541
11.1413679876
10.1706021458
9.02006212453
9.20194215334
8.06322374865
15.0810212808
19.2761874525
11.962973205
10.9718686484
14.1105014845
12.6028975204
13.428039862
12.9039738234
11.638418493
12.6260261381
11.7884099422
12.4186033312
12.9294970319
11.4147210975
12.3211202614
11.4893242075
10.3522660927
11.9445336603
11.9509208986
10.8085250056
12.1724065478
14.6442855658
14.5439479587
16.3974776094
15.7120526954
15.7932355259
17.0815119749
15.5939941948
17.1810761498
17.1017226359
15.7791066568
19.5890020179
21.5215259173
20.776039341
24.5978539277
27.7589213123
43.2114942769
39.8705846818
24.5801497871
21.1330189066
20.9615097154
20.2588748156
16.5264982107
19.8877847538
18.1463791456
14.7556179057
14.279101423
12.1488255025
12.6535083563
12.2946630923
10.8668851372
11.0140815564
10.5421816314
9.25807390198
8.96999665452
8.96466820434
12.8107312745
31.8270134537
12.7649082368
10.21934364
14.3544330291
12.676713203
12.2108786918
12.6774833268
12.6860581184
12.2866644157
12.5786431676
12.4913395952
12.9215009926
12.241456002
12.1902682271
11.7036016542
11.3636825034
10.9230934354
11.9485572478
11.1775731203
11.3142520054
14.2239617247
15.4315743171
16.8699627216
17.1333938675
15.9546931419
17.2584914384
17.0326909739
15.8205708831
17.1187068427
17.3705486938
17.282548394
21.9137371191
21.0253451445
23.433078325
28.5914979468
41.0716868036
27.2872109691
23.1932633511
19.3211873553
20.6431073099
15.8458445802
18.2236380354
19.422530321
15.232091296
14.580752292
13.8155843686
11.9385079995
12.2481230825
11.8903168561
10.982828398
10.6507699259
9.73012168934
8.42438610523
8.94625916111
13.4169557262
28.2258168126
13.0073791549
10.7818842192
13.8708000716
13.5564333045
12.3923902204
12.832867704
12.4246145973
12.5528177544
12.9023358294
12.9076027316
11.6645278166
12.4674134476
11.5337773324
12.0360645845
11.4263910052
11.5778078343
11.9326382908
12.0620801687
11.4126330345
15.239880951
14.8960615402
17.0422821566
17.4725573186
16.3287494635
15.4971640106
17.2033695511
15.4265847669
17.0542568763
17.2179497763
19.8124672299
22.594249034
22.2000423898
20.8985394376
27.6447389621
40.3254158493
27.8824019627
23.484752777
20.6658545468
20.2301580771
19.3089835345
17.0023416328
19.041295439
15.3161469377
14.6612136329
13.8918232636
12.5035049451
11.6130327616
12.0112545742
10.4897589064
10.8037459434
9.95071605542
9.21847004894
8.68297462527
15.3321240502
22.6054316473
13.5263197877
10.837771375
13.8851632038
13.5788219545
12.5426649457
11.7830929732
12.7365124915
11.7634001501
12.9218813019
13.4746167271
12.3737666117
12.1292888413
12.4423262595
11.0863795253
11.2730933866
12.1434131278
11.9944903012
12.0428029612
11.3995263916
14.7176077067
15.1515275163
15.2989883177
17.4050569925
17.5895070107
16.6488230937
16.8129073869
17.390758424
15.8395118891
17.3071978356
19.7009336478
22.711364771
23.0326166681
20.8793580504
23.4021070444
24.625822832
23.2777864951
21.5977080657
20.465604925
18.3875403066
16.3522986875
17.9022565896
15.8101630775
13.5486167259
13.9638305747
12.8641924295
12.1020663208
12.1847337661
11.3970994876
10.0608004962
9.91551964871
9.15325026515
9.00366075644
15.1167391814
26.4043899617
12.0667176297
11.1507997964
12.9793266872
13.6447076502
13.3912433066
11.801916588
12.5113535733
12.7268092446
11.7860028954
13.492587857
12.8117324796
11.7363800479
12.7088889876
11.3081139469
10.6035556264
11.8051347191
11.2075306265
12.1834328242
12.1446697065
13.7970725065
16.6490335454
18.298489082
19.1837488633
21.3954138367
21.9559783766
20.8018189708
22.0805941561
20.0813182338
20.6786830284
23.8121305548
22.6741151258
23.1443730471
22.7343940972
22.1784604301
40.3697281172
26.8613342227
22.4599074206
21.702502136
18.8736410648
19.036660115
17.6608357137
17.7806713213
15.8049139218
14.734906592
12.8721670679
13.2433126384
12.6170538011
11.2442301211
11.7684952105
10.0679885952
8.99284517922
9.31121407022
8.3215650442
15.5441375349
24.3992208303
11.5782735011
11.1334189919
14.4802647344
12.5175147824
13.4035769888
13.0591381998
11.5782771434
12.4872975783
11.9826566145
13.5060056115
13.230348567
12.4890921188
12.4368688508
11.6498149053
10.595564191
12.1369113039
12.22718047
11.3669903231
12.3272620032
15.9882365791
14.6911625403
23.9724660756
25.1651587015
25.2911578237
28.5611447181
28.313679187
28.6744276336
28.4039728995
24.9737382347
27.8371920742
26.1833238483
20.2300355103
22.8372457093
25.839589349
28.3615345017
28.7490903398
22.1166210114
21.8006854138
17.8020058854
19.5914786426
17.2510900109
17.8611120273
16.2194675397
14.6532828052
12.4671833728
13.3032260916
12.6168426113
11.5445772465
11.9866057701
10.3285912443
9.7692918574
9.31341571331
8.23677372028
15.6094084379
20.9652501986
11.7340068837
10.9563709976
14.5410683623
13.4824992431
13.052865938
12.688447226
11.5593529963
12.6263462557
11.8506548472
13.9070467895
12.6282800695
12.6174864377
12.4890921188
12.028142503
10.4527307698
12.1412852931
12.241456002
11.0001428494
12.4156493588
14.5726381868
15.8821269831
30.2438852409
24.1848686911
30.6870014067
30.432590956
29.9431862212
29.8960401881
29.6140633096
25.4161363712
28.5888329592
26.8634251746
20.5519637149
23.078542966
25.2217684826
25.816233575
36.1486873122
22.8077001557
22.9446671826
21.7080167944
18.6382843667
17.6156982777
18.5879520116
14.9027170026
15.0193973925
12.9846970839
13.4829636113
12.4908332035
12.3508924565
12.1534446329
11.4577483315
9.1066451343
9.27806974057
8.95318886534
12.6278855255
28.6846996453
13.0405402069
10.5397484303
14.3339861216
12.8721602447
13.4634026087
12.6988048099
12.543736945
12.7622467941
13.0236448475
12.5975127189
13.3374118398
12.4662568535
12.660893105
12.0369816955
10.991590554
11.103283495
12.047043762
11.3202463283
12.2983351432
14.7387163919
17.0864229668
29.4877598542
30.3549906479
27.4372612705
30.3219952456
30.0592729797
29.787394368
29.5064422275
28.1491552936
25.5974553117
26.5859945485
21.6242573973
23.0220503842
22.7475331158
32.1045839583
38.9788921716
25.4426709265
19.2870987075
21.0908701222
17.7655662173
17.5838405284
19.4762154348
16.4406346312
15.2339061404
14.1424152635
12.1149522829
12.539258923
12.3987756396
11.5973054645
11.1468662846
9.61288182963
8.66435686555
8.98789948917
14.528082315
31.6820994095
13.1752221921
10.7046783208
14.4437308372
13.5340224518
12.3983715332
13.0849871044
12.7924945661
12.2743982246
12.9346341339
12.5170591354
11.8965840386
12.6349441602
11.4391486174
12.117728237
11.7289555965
11.7717336912
12.0898989356
12.0937519735
11.5672448709
14.6811753518
16.4827961389
27.9661905566
30.929288771
27.3480365164
27.3065866798
30.1662033924
27.0071621774
28.5296324407
28.8783752266
27.5564631826
26.6805694031
24.9612986084
20.58114912
23.2707093926
28.6927505473
37.5318103201
28.4549615275
20.6866960506
21.4400091407
19.8202748696
16.3469626721
17.4553729731
16.3255903981
14.8994175414
14.3333126484
12.2697112835
11.6629373739
12.2725180321
10.9960924526
11.1865192401
10.0428857643
9.16830724889
8.98045963623
15.7076836605
25.4927894587
12.8242280866
11.0442345552
13.6456583823
14.0585935572
12.6833967066
12.0717192452
12.8827047026
11.9737293965
12.5207158672
13.0699741024
11.8580671652
12.4263951636
12.4126562538
11.5006275226
12.2592207223
12.3184344999
11.4921780839
12.4588408393
11.6417405563
15.1976364115
16.0522601757
27.4856959922
30.7955894095
30.3195476318
27.9704033069
29.8076604182
29.3206741705
26.8391134873
29.1936898487
27.8483436608
25.6729518123
24.8769898394
20.8927668759
21.3938771746
29.47886971
30.4207327047
27.008826299
21.8325243049
20.4466382
19.4087889179
16.3999284546
16.3926400835
17.3116150144
14.1472903437
13.8894587959
13.5614998836
11.7524138108
12.3122822093
12.0543242246
10.6588980528
9.95689129141
9.52796109486
8.54636994974
15.5165838307
21.2518158421
12.3089707443
11.4020296875
14.3752699452
13.9521258156
13.6929508665
11.9991934405
12.8323600793
12.8867282901
12.7616027362
12.5555653245
12.6366531466
11.8083283961
12.4106295962
11.6392108534
11.5070548684
12.4772552698
12.2866644157
12.1684260784
12.5853539182
13.6468802334
16.4472055421
29.3480692941
27.9261292008
30.6409719803
29.9342016522
27.4219452962
30.7755988412
26.5548008644
29.0566876994
29.1997219936
27.0379609595
24.7840866355
22.665235003
21.197553391
25.7935487488
32.4243543398
29.3445071339
24.2494519333
20.6331661689
19.942657178
17.9576091652
15.4459120231
16.0771938591
15.2246915453
12.6906584497
13.4095087892
12.8430003399
11.3515440369
12.1455249449
10.3799539521
10.1048965866
9.78805007821
8.79797420143
15.7947756964
30.852053389
11.9254611315
11.1648045213
14.837594499
14.0872171407
13.7681090075
12.4433463907
12.0029215791
12.7932370303
11.6831795865
12.8410982689
12.7955803123
12.4181029267
12.5679556046
12.5113535733
11.2324998057
12.2257450039
12.4411898845
12.3219297962
12.7019746963
14.5238146585
16.7013406779
29.4247230696
27.8090915045
30.4876558766
30.6977225622
30.6611520206
29.9291650635
29.646875754
26.5426365615
29.9550486291
27.9063862012
24.1927179541
22.0348196592
21.5124965942
24.7953974097
24.8421337647
21.8170297422
21.7707365794
17.8900350901
18.4245693775
16.8396995119
16.9244446937
15.1062401448
14.2433676849
12.4837358049
12.876544777
12.0495516091
11.5852115628
11.6446950932
9.85118905784
8.771719047
8.99135182533
14.6896830443
31.578008329
13.0539503946
10.7246314557
14.7034061327
14.2679397562
12.4573140652
13.1812784088
13.0232495796
12.4501435208
12.6581995324
11.9937595871
11.805616704
12.5240389921
11.8167865569
12.6647699535
12.3555509315
11.6843640116
12.46981048
12.4347384116
11.5933155005
15.5023803646
17.1078707332
28.0854027227
30.1308382215
28.2279513694
26.8698885018
30.5017521842
26.0456045159
29.94078364
29.199599074
27.071759321
28.172598481
24.7394999528
20.9335088481
22.5051190698
26.1050977594
43.7640064598
41.2968357619
29.735667144
20.658287387
22.1129623208
17.8279258206
18.3580692184
17.5495780245
17.0616359427
14.9134630485
14.7161287891
12.5722271469
12.5480240184
12.4090293638
12.3176943767
11.0176358777
9.52740050441
9.13027244592
8.97787810371
14.3012248554
24.7200487622
13.4775017668
10.4281688456
14.6830694922
14.3458781211
12.6898168587
12.9903528604
12.9605375207
12.2097115689
12.88907341
11.7247592216
11.9069398794
12.7137046107
11.8113594199
12.4786406423
12.6287045681
11.4983881631
12.4473403241
12.5441212717
11.7939564649
14.8740281273
16.9943885963
24.5710062948
29.9727662717
27.5179999017
27.4775748194
30.5624683992
27.5551141915
28.904399356
28.8270826345
26.5630165686
26.4659673105
24.463456202
20.8515042949
22.2729313582
22.5525207631
43.7693070096
32.1985421824
20.9584376962
22.1569799682
19.6002371857
16.4744156546
17.4843559994
18.1012219568
14.8671556825
14.7454224387
12.2645206666
11.8683396048
12.1524533497
11.046656828
11.6947164113
10.4321725308
8.8444730371
8.79039294237
15.7099903889
27.5704694875
14.0178768322
11.3311074114
13.7537493674
14.2707677442
12.9093088341
12.1321982543
13.031662355
12.8698029385
12.7047303954
12.9179506206
12.0341543545
12.8224488842
12.7688316815
11.8068097933
12.4775775788
12.5847142623
11.6629551218
12.64999355
11.5610425623
14.7781428721
18.6486073731
28.1886431577
29.3770318834
30.2186911412
27.3357640557
29.2824510272
29.2286996265
26.2433004348
27.650493797
29.0071705258
25.614973239
26.0335310379
22.0345540191
21.1271441682
25.4676547186
31.9988896541
34.870239027
29.8449738625
22.9854579117
19.2395262931
19.7516558273
17.2234108748
17.3202823096
18.0260061156
13.778018364
14.7702244897
12.1251695518
12.7117911368
12.4546442906
11.2094303889
12.0946447155
10.2338906455
8.79493925029
9.25657963846
15.322583812
28.3165299853
13.3392761128
10.8087366189
13.5835795692
14.3897608988
12.9766587134
13.2479174448
13.0495754548
13.0155802588
12.6828977477
12.9357074142
12.0116657016
12.9178341266
12.5347211438
12.044660994
12.6673346631
12.5161552228
11.7548860033
12.5824926339
11.9050254252
14.4631863964
18.5909981541
26.7489880784
29.8457334984
29.3922931723
26.8264105049
29.7493434998
28.2295366996
27.1867627706
28.9152621415
29.2693638995
25.311790225
27.6003448075
24.2564402481
25.4626006244
27.0118386448
27.0635618166
29.8007173547
28.9169321612
22.7113819694
23.7907282015
20.1420600504
16.101657588
17.3440904729
18.2623996463
14.1295811765
14.4911790869
12.5757120168
12.8470675096
12.3050465603
11.8840154481
11.9454461331
10.6862127696
8.8715275012
9.2349728203
15.7483877631
22.8551485705
14.1519405681
11.1693226141
14.1260723738
14.3553889329
13.1196295667
13.4404808262
12.9745115429
12.9801652844
12.9914816095
12.9495238661
11.7705253555
12.9316314883
12.9647646747
12.6555790077
12.6328672537
12.4435740811
11.767441236
12.4731828611
11.8426686354
17.0331390319
21.8885876064
25.1321127391
30.3155121856
30.2925497727
25.9754523918
30.0035647237
29.5117555933
29.0237821969
28.9461461369
28.8640698889
26.3889638873
28.4505951327
24.2823482196
26.4059898352
25.5299011646
24.5164105809
27.5583170452
30.6784783694
24.3421283576
23.6503301914
19.7999315869
17.1778650877
16.7089133455
18.6137901916
14.4221553347
14.5815739243
12.7027402721
12.9197536794
12.4850851518
11.7898707541
11.8475377086
9.89229962328
8.78121650697
9.06727155361
15.5205395436
30.5067549146
13.9230214303
11.3674614295
14.0371455656
14.6251854166
12.9109696129
13.5003240783
13.0734723276
13.0394148783
12.8734384784
13.3518074486
12.2193967456
13.2530982313
12.8485865905
13.0030949177
13.0267682046
12.2619158381
11.8144310784
12.9457134999
12.5278632736
18.5762632362
20.6636045745
28.279081842
29.2612958614
29.2377936351
26.6958867305
29.803821615
29.3224751631
28.6263463826
29.8510206571
29.7684185296
25.358142126
27.852045917
24.9554002634
26.6144102978
24.5144526246
23.880618166
29.8552895477
31.7892072724
25.256411277
23.8342946766
20.1789449474
18.1703773723
17.2823944152
18.7410483379
14.0860322759
14.2382668873
12.598741133
12.7525748546
12.5524186381
12.2328251571
11.9673210827
9.82165259573
8.92301900696
9.10857749214
15.8275890143
27.8515142204
14.7887315013
11.7121403552
14.9212852617
15.4685473678
14.3487652308
14.1714003437
13.3863851675
13.7169015821
15.9514557447
16.2238259987
14.7384392654
15.909039765
15.9686351835
15.9643220946
15.6950127041
14.9065204644
14.7106034696
15.8161165317
15.7844316176
26.0055893017
28.4972907528
29.2860033573
30.5717095386
30.3295015985
27.067553527
29.1760193412
29.5477549813
28.63943282
29.8646669502
28.2736423815
26.2430910173
26.8752978411
24.3119686084
25.8812621575
24.8653947101
24.5463164865
28.9155900021
31.803739601
25.63560249
22.8793093119
20.5671158207
18.4931180934
17.1967950719
17.8800068697
13.57155723
14.5243526031
12.3837211357
12.8764772905
12.5003148599
11.8042524174
11.8127442993
10.2292971848
8.92709813493
9.29052306168
15.19
24.5762563469
16.9896440593
11.8537325775
15.6118773866
18.28017271
17.6328732049
16.605297117
15.3194470234
16.7907017901
26.7572266493
28.231597796
25.9404743715
27.6623661393
27.9057050877
27.0749009109
27.6458863752
23.9076188991
25.3741878548
27.7320598223
25.2213499419
30.3506996654
29.7162425389
29.5021805532
30.5763664673
30.1166077632
27.0716766745
30.2674916267
28.7046262438
29.273521598
29.8692161765
27.2750635083
25.7128182755
28.0703039091
24.315672003
26.2538230195
23.8821816739
22.8170165221
28.4708285278
31.8085842024
24.2070044026
25.2601296501
20.0649102879
18.2838425405
17.2929288001
18.6393347521
13.3860667987
14.3833454137
12.5528901753
13.1211805798
12.0072725489
11.8563961674
11.9746156951
10.3151094968
8.7932673743
9.33208861943
15.5276347058
29.5110086068
21.9432799844
11.6422469345
18.462098275
18.4367554268
17.7793431966
18.0516647236
16.0398993871
17.2819134403
29.6578917921
31.9078392751
28.4890999205
30.5710758008
29.8223478458
28.1331338546
29.5446840492
26.6385926964
26.1595799256
29.8738363659
26.6738103348
30.3460771069
30.3606464592
27.1691646482
30.5717095386
29.0427405507
25.8453797954
29.8174463313
29.5477549813
26.6980727938
30.0897992612
26.8938132141
26.6076961591
26.6824329892
23.8394891639
26.4382007103
23.878544302
22.1028640321
27.3792030674
32.6584699592
24.3718216681
24.8940769855
20.7008615161
18.8221771343
16.6429877861
17.575997263
13.8285416811
14.2447758629
12.6647131874
13.001109521
12.5003148599
11.25053482
11.7573432056
11.1378994641
8.82718986087
9.18729502766
14.8409537812
24.0216963035
20.3651654924
12.0660762672
16.0908756697
18.1097428678
16.3002233758
16.5951816186
18.9916679762
18.76451755
29.2506568484
32.835047414
29.4438583981
33.0791878704
31.5250981174
29.2690302825
31.231580703
27.1329532848
27.6873996231
30.7200836409
27.009096533
30.7800564622
30.1243849649
28.4722701044
29.47128332
30.0982615395
27.0551853406
28.744169756
28.8989184951
26.5023151853
29.8510206571
26.6930624858
25.6971547213
28.0532042384
23.2237672438
25.8694360323
24.352747792
21.6857084081
26.7524185158
32.3561782303
29.5130237868
25.2447418616
20.3052026081
17.0009242832
16.994833776
17.1792943097
14.4331498776
14.7426382371
12.4917454546
12.8115841984
12.0513497262
11.2453940262
11.7519708319
10.3088258108
8.69392240309
9.32640376319
14.6698678655
32.0012019084
18.8027193444
11.62806265
15.8295691128
17.121014798
16.2878065779
18.5946475147
21.0638030384
21.7684078895
25.4617304216
29.9280063309
26.8719628655
31.6333588927
31.2782215021
27.7419552029
31.2077898495
28.3824268373
27.1344468211
31.1499093556
29.0436287057
30.980361797
30.3236566882
26.7775583061
30.5344626197
29.007356445
27.4025764174
29.781118366
28.6652875512
27.2158005795
28.7385848858
27.4345622758
24.3564377855
27.0351843063
24.1167679386
25.8497298263
23.849451974
20.7759432542
26.3385742862
32.0443807709
25.9868667602
23.4845216305
20.1635735088
17.4627021363
16.7089133455
17.3568650573
13.5550223781
14.5066569168
12.5891439625
12.9852696717
12.3695419473
11.1425590869
11.8475377086
10.9320127672
8.62273198445
9.31929931631
14.4447274478
27.7879015635
24.5051873581
12.1934503424
15.5141395958
16.4269853355
14.8418053786
15.3172857153
21.9205207678
22.5531137111
23.4893946668
25.9693384274
22.6962911632
27.0798238351
28.9605294688
27.7123560151
30.0909130756
28.5429393496
27.8265380531
30.6639306992
29.0126407017
29.6341655591
30.069320895
27.1071104729
30.2831671497
30.2602292364
27.0057314308
28.2827639726
29.9206665113
26.4538718615
29.7964562671
27.0205053819
24.6434642131
28.0019260596
23.33018
25.4626006244
24.639122612
21.7815066255
27.953403037
30.9093320447
24.4919176353
24.475840944
20.268086926
16.2694591849
16.9637690848
17.9449767092
13.478192932
14.4231453823
12.3020367552
13.0303165622
12.4140542682
11.2750616718
11.9454461331
10.2479579763
8.77184741692
9.02326650409
13.7873346216
24.9010743204
16.6561846167
11.738987485
16.4269853355
16.2059553033
14.2963412491
14.3173782169
22.8276053667
21.0659389078
24.2518096813
23.3813928341
22.1876675831
26.8679322569
29.7133903019
26.4715026416
31.591349526
27.941685792
30.3653705648
29.5574681757
30.2178505191
30.6816194682
28.9843139856
27.253301062
30.4600141616
29.7853188153
25.4196639876
29.2824510272
29.4398006771
25.215176447
29.9798645693
26.9834144427
28.2761594429
26.969267712
26.2795917874
25.7867035811
24.7745476598
21.2265135746
27.4911249601
30.6036787752
23.7791125009
23.5926664742
19.6332051177
17.3181250632
16.9404829871
17.716063064
16.4491962086
14.5460214501
13.858288894
12.8294323916
12.6915706858
11.4037773364
11.8186513016
9.86818043497
8.82421667789
9.04516393067
13.4459360254
28.9660104764
19.6994162993
11.7192754646
16.7267940297
16.3075382509
14.4800404374
16.9881438243
20.9771617926
22.1307161422
24.3482040252
22.8344811152
23.3858525082
24.3711639451
27.3957919878
26.1004362009
31.0794235812
27.0007642638
30.3143812605
30.5704184814
30.3820542532
29.5437936961
29.7655379212
27.5737224143
29.5366666109
30.618619609
29.703312012
29.658620392
29.3903655829
24.8509987842
29.705589485
26.3839975224
28.0262617504
27.5161752507
26.8043655448
25.2138707219
23.1398678968
21.5800578165
27.8681567997
30.297236043
23.7391827922
22.6073250895
19.6002371857
16.6489789993
16.2037914643
18.2067069332
14.57008891
14.7454224387
13.4357391351
12.9318576673
12.6063324596
12.4048010386
12.1355643598
10.3483799803
8.55803603855
8.85884506132
13.3298948165
25.3953875908
21.8921493319
11.7951122295
16.8321821047
15.8400828063
14.4512740028
15.2993463145
21.9183747641
21.3122929245
23.3712394455
23.5490795468
22.7083367358
25.3382101616
26.8309432335
26.5375346186
31.2466635525
26.6054202473
30.4712704236
29.4492144419
30.7693868351
28.6789403636
29.9180676459
26.440844333
26.948194762
30.1080156894
30.0814289602
29.3874521624
27.6931730384
26.1471847851
28.7698139832
25.7955921625
28.8123109055
28.71013975
25.6402569067
23.5295572933
24.025362195
25.0487702251
38.7314262676
31.2938006753
24.7184734248
23.0268449099
18.7646848521
16.0206638058
16.5214497757
17.3493887496
14.8376201944
14.5672075226
13.6680631105
12.9061668939
12.4090293638
11.9304240667
11.5126045444
10.070970063
9.67867219666
8.84124584341
13.3389108859
27.5846664769
17.5467573329
11.4911451317
16.3292567955
16.3660316782
14.1128041544
17.8787101775
21.2110452416
21.5861422981
24.1075291634
23.1062002916
22.2978242837
24.4020064504
25.1743453241
24.4774876102
30.0802537169
27.7754532117
30.6179472478
30.0089551649
28.2142031349
30.0553287426
31.428636141
25.8788069376
30.2787993707
30.0389120456
28.9354294143
29.5317628238
27.0612812946
26.0871720044
28.0863117088
25.2270911096
28.1079369892
25.8786505819
22.3057395731
23.0294034053
23.3373158819
27.9095638865
33.2459782725
22.2494256724
22.0622088508
18.8320032068
16.9398851313
16.4835298944
19.2631970842
15.1062401448
14.9862650037
13.7029541637
12.876544777
12.3805482724
11.3359332075
10.4924189819
9.58300786752
8.67858865234
8.78687383057
15.279538629
31.4234563241
21.0249460187
12.2995943082
15.5379031553
15.4575385447
14.7538107614
18.8908870587
22.270795656
20.8860600069
20.9321410733
22.4351954911
19.698880555
22.1538483846
25.4154360535
24.2706167303
29.5841443646
29.8471814176
27.9174056907
30.3603631471
29.9598248141
28.3449390794
29.9914243599
27.3842579658
26.4644061214
29.9606582582
25.2026092796
28.6099949159
29.1884186233
26.1919831558
28.6290061024
28.3361755618
25.2287293711
23.5167185689
22.3868325499
20.226673083
22.9808693313
29.9035210347
46.675192745
28.4003861877
26.0955880555
20.3797240989
19.1205822409
17.8564802318
15.211452457
19.0942867119
14.9159438573
13.6000209182
13.6011676137
11.8386284667
12.5197118796
11.8720330833
10.6900755992
9.59370770042
9.33522213865
8.11815649108
14.9592297683
22.4206572412
20.7569432346
12.6571058527
14.5887708407
13.4895786051
14.7597519976
16.4800960707
22.3228698442
22.2647169688
20.2600894241
21.0163636824
21.0478283963
18.9226650677
22.1115370064
22.7444172097
25.1053693865
30.6171487456
27.2833861112
27.4876667846
28.6416431014
29.8896043399
30.1230980202
29.2624758123
26.9180261505
29.8732781641
29.6256138824
25.3939856492
29.1032907618
28.8287910276
25.8589738888
26.8606940069
24.4953700928
22.721314425
22.0439509827
19.6110540768
22.1967921654
41.9835003607
40.0901798858
33.3687964476
23.190456017
18.9081234391
19.2916921521
17.4082683684
14.8695555468
18.5789979317
14.1472903437
14.9036310775
13.8316755372
11.8041011722
12.5465004313
11.6762708684
10.3921224474
10.1169127586
9.52796109486
8.48423507238
15.0188959067
26.185824419
16.3439465168
12.3319462707
14.5416544361
14.0620840215
14.1360960474
18.7749591588
21.9008284631
22.0764650533
19.9916467779
20.6305031631
20.2501176251
19.8849726791
20.192335611
21.3624739577
20.8252654879
29.2509746266
26.6724642927
29.1252445839
29.9881284493
29.3715149829
30.2442471394
30.243243875
26.3020017296
28.3088653856
29.9710742977
28.4344236674
29.009297756
28.9503221757
24.4492808807
28.1622846632
24.7409211438
24.3026891464
21.8425481369
21.1961264544
23.6022293459
40.4994937782
46.3887606121
26.7156233966
23.1155593092
18.3136498258
19.8202748696
16.9715501787
16.2549630195
18.7411114263
15.6972353228
13.3291104544
13.5177011892
12.7641865682
12.7394415973
11.2864387139
11.2348672432
8.83773947255
9.65297547351
8.12464153924
15.3666988075
26.7384823833
20.2157699758
12.1807843305
15.4463580874
13.3496287171
14.2902734337
18.5433617637
21.8231963993
21.8822778112
19.8244534735
18.8482602646
19.9869823051
18.2895618516
19.7316317581
19.7372486357
21.9925836663
28.3615463833
28.9873269208
26.7653536554
29.8818292604
29.9066271274
28.8582791298
29.9199468688
28.0406124973
26.5241633995
27.9746560949
26.2506611235
27.6800808784
29.0615785001
27.9458511325
28.0624575593
26.3952058201
20.7464897412
22.5922621946
21.2491926112
23.0516768722
41.2464839431
28.1260479319
24.0152103177
20.1828627631
17.474804086
18.091754555
16.2817783657
18.9098422725
15.3901861766
13.6020682652
12.2785794072
12.7189412412
11.4368016676
11.5973054645
10.8156519974
9.38918953966
9.61875848445
8.67932616089
12.8714285558
28.9538678394
20.4395688372
12.1629340559
14.8132273958
12.1332786565
13.5470724434
17.5143124438
19.3942400021
21.7977700222
20.342824515
18.8615517668
20.0051017856
19.9278435159
18.2183804034
19.6610247956
21.6734937287
26.7984163492
29.7001260307
27.0212889257
26.8547931927
29.1543729018
27.2110161964
30.0196571475
29.3654331292
27.7110245796
28.4708930066
29.0576527348
25.2331182365
29.3924904618
27.432888228
27.7536348009
25.929691848
22.2026582161
19.3142443933
20.9117194381
22.5212150607
27.7902588218
21.8922279917
21.1491383133
18.9713694797
16.4042627165
15.7913483719
17.9480248691
13.7333741818
14.4466384137
13.5546815028
12.1520337358
12.413523757
11.3011092121
10.2819793928
9.6930356774
8.66525896141
8.55079835453
15.3015636034
22.817879679
18.8607554101
12.5093506689
12.5734384292
13.0684787535
13.085133475
19.2612657814
21.878619963
19.7228383854
19.111095079
19.3255891296
19.4469040271
20.2415944181
19.6673876074
18.0604934211
21.3496887615
27.215260592
24.7681150049
30.2661025633
29.6419591511
26.5685540433
29.0404609187
25.6873369722
25.9983833996
28.5888574704
28.1512595878
27.9073454704
27.8519761688
24.5596347688
27.9231938606
27.0387545364
23.0646941379
21.3204718572
19.6598198357
18.0980452007
22.2857449351
41.8297833491
27.9002719885
20.8344088698
21.6172444976
19.1227829813
16.5059791713
16.151079809
17.1525671952
13.6759479355
14.2406468249
12.9850913534
11.6810828415
12.3616164789
11.5042105302
11.158940685
9.61162845026
8.8229357676
8.57626236686
15.1167391814
30.518607271
17.5594874947
12.0961098138
14.5210432944
12.8749075007
14.2654205957
16.1641197135
21.1105178412
19.6340130625
20.8894772867
19.8074603186
19.6427668327
19.7551417166
19.2882695696
17.6619304468
20.6035813791
26.3906650176
27.1185495159
28.0748669427
27.5206566145
24.2034919004
27.9066102891
24.7714239953
27.8843819724
26.7267587739
26.6874960576
27.1964203341
27.1380651235
24.7785049978
27.1951450345
26.9169806793
22.1170920663
21.6132962162
20.4921854507
16.6081300188
25.2252191952
39.4274124054
28.6979365204
23.8853313655
20.8273435775
19.036660115
17.9716664222
15.4946842699
16.604038783
13.614355863
13.6956168547
13.1140465317
12.1607866621
12.3059437328
11.3551389738
10.2344999246
9.41720051088
9.41908789176
8.57087957615
15.1014212432
26.6036712584
14.3236809684
12.6808644697
13.367346344
12.8127389105
12.3036659948
17.5076725554
21.5606881863
20.9538532133
20.1638147788
20.0986930173
18.0435092157
18.4702375251
19.195133015
18.1430365095
23.2392048092
26.0977667447
24.8391998082
27.1940124225
24.244317619
23.7994485599
27.3975268147
27.0143501064
26.0988039262
26.5977042613
24.5282868517
26.5083791964
26.4468537087
24.6588579462
27.0638288424
25.1555627047
22.8499481167
22.4602275244
17.7713620047
16.7720349948
21.5261006902
31.1454966961
36.3819831012
27.8646160548
20.5152453703
20.9952005151
18.9447384977
15.2837047922
17.0932322477
17.7065669892
13.3549696657
13.7606011156
12.1180692685
11.2254705842
12.1847337661
10.5017859397
11.3036052634
9.83452940654
8.61083543462
8.56257511007
15.1383042869
23.7701153781
15.3680129912
12.2907750133
13.2984149242
12.3751278022
12.6872206861
17.8824872444
21.3358663778
21.5069721797
20.0598359976
20.3048325152
17.6230716973
19.7540482129
21.0168991615
21.1439384757
24.6729150908
25.9631883424
23.5469516271
25.8331057286
23.4093772085
26.7121990658
24.7026353875
25.6426487201
26.3136713219
26.4605478303
26.4216761888
23.7387754182
27.0619617833
25.3597385233
24.4479979508
25.0258429677
24.9299072256
20.4035071675
20.5259175281
18.322766912
21.020526939
39.8824472661
36.1943720613
23.484752777
22.2115813492
18.5773909705
18.9607537984
16.1840471157
16.4478820067
17.5070659698
14.5881400715
12.2352396444
12.8618449026
12.3721775288
12.2940169643
11.494801785
10.6624435442
8.24718109162
9.17912292068
7.56400632233
14.998161262
28.8316417065
18.0685707805
11.8719140799
14.5726431809
12.5535463333
12.9580974499
20.4180167058
19.9661790727
20.6280696153
18.5635672065
18.2422104403
19.814828736
18.1907480182
23.8914492354
23.9308338377
23.2576092426
25.4932813483
25.8418077646
22.7418201298
26.38204733
25.8641701023
24.8756977991
26.1935280036
23.6062024027
23.8587739691
25.9176552953
24.0576167537
26.5355647508
26.2852835875
23.0866040724
26.1276262278
25.4867167082
18.9595012931
19.0571165247
17.3730355371
20.9051654263
36.8532449899
29.6254723869
24.3832300176
21.7982626572
18.3677717684
17.9802982212
16.7212312355
16.261836764
16.3484388258
14.2900621693
12.674014956
11.7285022618
11.9735854281
10.6126427055
11.9703851749
10.8381391605
9.20355039792
9.24055091702
8.47167102269
12.1310033249
28.4746820044
18.5492230658
12.1899160285
13.8558333427
12.1225180185
13.5220737546
18.8632635527
19.363032537
20.7227455624
20.2432884789
19.6767108088
19.3202570097
19.8260531088
23.7523308689
24.8143830459
25.6398091724
24.5672202536
25.6913325863
24.2901260877
22.3456952319
25.8901082366
22.3024735425
25.8669338935
24.8421459878
25.6393709678
26.1236655776
25.8973193705
22.9665405675
26.1322260781
25.6952966732
24.7435759871
24.1515782649
18.849101341
15.2462797608
19.1462202801
21.8543528322
42.173715047
30.2278471313
24.5939548958
21.2439903231
20.0019817218
16.7021625199
16.7137606919
16.7180659445
15.7250626707
14.4958495127
13.4707518443
11.9196048716
11.953489293
10.8182637272
12.0137388776
10.967128765
8.87113534922
8.86440189837
8.29760577897
11.8589208743
22.3330916399
14.3685388371
12.1148060288
13.3861230766
11.7014600833
12.5042105785
20.0714520974
20.8628771202
20.5950592511
20.1185564144
18.808303263
19.4861513479
20.1067595811
22.794493349
22.9550595574
25.0030816577
25.673931165
25.0504331525
24.1404588251
22.8614453162
25.5551267159
22.6965268738
25.8805492162
25.684881605
26.1797437365
25.4390548034
25.7377491449
23.2564724315
25.9712084395
24.6743456985
24.76026422
21.0064036225
16.8730613664
15.1523375166
17.4348631244
20.655375733
43.925120043
28.0718959199
24.4424155463
21.9769078563
20.2617018177
16.7877981166
14.7895700003
18.0345675031
14.8175254439
14.4848629986
13.4518366649
12.2863043999
12.0462894058
11.9717313719
10.6623601283
10.6160722056
9.02006212453
8.94786691981
8.21413970116
12.6593505833
28.6938914262
16.4023459414
11.0943817449
14.0347855115
13.8109138861
15.4682464795
18.8011534726
20.0985188208
18.35874226
18.8384494901
18.3285584917
18.0992167836
19.0026474233
21.5320330586
22.0392452327
25.4776148045
22.8464296155
24.8874935794
25.2192428339
23.6865232176
25.728817624
25.5525326164
23.9419176391
26.217167176
25.1464251719
24.9379488442
26.2857095273
23.8553169637
22.7484656005
24.8534242054
20.7180741608
21.9148401393
18.1178431095
17.8168642281
21.0381161022
29.6070712816
32.3768989934
21.8529111354
20.9757629921
20.1299103623
17.344636578
15.6287769905
17.1852602589
14.1336198882
13.6772753642
13.3643397138
12.7998414834
12.0230583307
11.2577621418
11.2216549024
11.1792668278
8.56248314404
8.42872022821
8.41238662236
11.9699435625
29.2945474232
16.1509698535
11.0183668577
13.0691942247
13.8178883755
15.6112316297
20.0067299484
18.3632113006
17.408762659
18.2619569689
16.8468556891
18.3107685616
19.9384836472
24.4432875824
24.9511605473
25.6328194923
22.9558948379
25.8633185554
25.8792853371
26.4168404918
25.8987728958
24.2512878838
23.9229669859
26.0375361652
23.2598900643
25.7920998112
26.4773659765
24.6578811461
25.6254913745
23.7035200704
21.7285109824
22.3229577103
19.7821900438
19.1091424673
21.0230859412
28.2040418216
25.3894219669
23.7711816356
18.3887359837
19.4951614195
18.1628804566
15.6912188229
18.4614596874
13.8269834296
12.4113450119
12.7669015608
11.4341027574
11.3628074985
11.2819448182
10.5671072344
10.6117553505
9.60306250565
7.78238574114
8.51960919454
13.6694970738
27.1691646482
18.6656659263
10.8470713358
11.8547695191
13.8742410858
15.0685083313
19.1773781116
18.8507829331
16.9833313015
17.9672326704
17.9092050673
16.6662117527
18.6468082491
24.8834912394
23.5799771843
25.7755656273
23.9172937083
23.2169907305
26.041004781
23.9429679914
28.7629570488
28.1562140873
25.8689600251
27.9438722075
28.7736521186
24.4232032009
28.07461866
28.0320077122
25.988359603
26.2989875782
23.7654830148
22.3026673387
20.72048881
18.9714890955
25.2374989852
33.0797547826
39.2421929343
26.6209954439
22.6055854878
18.4748678497
18.5349650255
17.9225925692
16.0965618495
17.7722610679
13.4605132321
12.7311787538
13.2399392622
10.9636958793
11.5889469353
10.9995006377
9.92907301015
10.0479345386
9.69453886961
7.98062286846
8.3579217139
13.5204727731
21.2458310089
16.6072690084
10.8289235523
11.081652499
15.662289923
18.2616732968
18.5790212205
18.3554478408
17.0805048714
17.660456328
17.2805855209
15.9057648965
19.3514554783
26.1668011577
24.8929878304
29.391889886
26.3136713219
25.9954941439
28.9105224692
24.2169288127
29.8674428921
28.9936520148
26.2031615403
28.1415420232
28.5561114579
25.5851400439
28.2856299609
28.247578953
24.2258273741
26.2900332584
23.5858061752
20.297938736
20.0734886205
18.3054760034
22.5397787909
32.8296582123
41.7033553982
24.8287868999
22.4346779513
17.6003829973
19.3256060931
16.7823234498
15.5405840586
17.5327515175
13.3587462083
12.4572372393
12.7037143156
11.2170104973
11.4473891463
10.546393991
9.35383100618
10.1406984385
9.46180640256
7.94713450006
8.16897522793
14.0749599327
29.677059377
16.0590483628
10.7702821122
11.1656358252
16.0076902878
15.7735014176
18.6027416927
18.8382660244
16.0768874311
17.2795537872
17.3038162083
15.3896883895
19.1010026022
27.0323432372
25.6762474563
30.0476521445
25.0824845793
25.7895418048
29.5555449425
29.1520048178
28.5308700133
28.9824280461
25.645174431
28.3408435838
28.5434347183
24.8692508359
27.0279002797
27.5996664011
24.874130557
26.866632966
22.785227525
20.7520000199
20.6517449185
20.1665884961
24.1355500252
35.4811456979
26.0033040772
22.4118899505
18.3010110802
19.2956165718
16.8379485557
14.7082322022
17.2895353234
12.9388903537
13.5484387311
12.8503078247
11.1281424213
11.2556153294
10.9288896855
10.3291828539
10.0212990552
9.23412383632
8.73651536063
8.32778538743
12.7898392788
22.8618380388
18.9440192175
11.2554309949
11.3151504202
11.8637036927
17.3857784723
18.6358556043
17.7208366545
16.3608344143
17.543461821
17.3191695161
16.5632470405
19.2316459681
27.3663731681
25.1247929703
30.2564496494
26.6021756033
29.4821877023
29.0895599453
28.4795792818
28.9404392879
28.7421493534
25.7800478231
27.2847947259
28.3067954978
27.6520461502
27.2042412705
27.577184378
24.4949690298
26.8462736671
22.1571890821
22.3559296056
19.7493533678
21.7057544212
23.5967798225
42.5594841768
23.3654767404
21.4717105787
19.5469744829
17.0599612063
17.192624884
16.6240363612
17.4565349049
14.10270727
12.7305945266
11.3952250597
12.1424801188
10.4075334047
10.4165381895
10.2887991624
9.89394928983
9.39015870982
8.66408531831
7.6865088536
14.0511728865
18.8864613751
19.3586818617
11.5227213277
10.5504842349
12.4088713356
16.6237143279
17.2009011302
18.5202181557
18.1991601003
16.03137933
17.0116745718
16.7944966749
17.4502187024
27.3194583911
27.1964203341
28.2556196992
28.3144115989
26.5913354608
25.3749921744
28.6598293178
25.7450224642
28.4931155235
25.556678862
28.2856299609
27.8515769539
24.6175559804
26.1905177366
27.3382442849
20.7915069647
25.6414072867
24.8292412771
20.5300972212
20.9457243636
19.5897375352
25.560040948
35.9850784815
20.726662771
20.579379863
20.0192089994
17.1071575065
16.275570505
16.0173338046
16.2092829523
13.5583909748
12.3789028032
12.6941216056
12.0372726658
9.93739887641
10.509557954
10.1996527652
9.02927111926
8.68678201413
8.48427201275
7.76300666956
13.9240835394
25.5486115673
15.256864146
11.3832316914
11.476782003
15.3312137975
15.7006195585
17.2030692008
18.2652719304
17.4415408565
17.1472032812
16.7017976623
16.8757809786
18.8925767635
27.6549305053
25.1764827921
29.2731702315
29.1222172201
28.3157988417
29.2362141285
28.4006083243
25.5121651703
27.6050382552
27.2029950168
27.4006355521
27.183550816
26.9581857071
25.0331779323
27.7224498237
23.2599701564
26.5717628355
24.6046669951
22.2538017869
21.0228562988
21.7549427882
23.8606220645
40.3065626948
21.3880373679
21.0931472545
19.202345786
17.4588679877
15.6887362211
17.9905111518
13.7380640357
13.8540653313
13.064289738
12.3384389241
11.2844186315
10.1371504574
10.4599054507
9.21834837604
9.47489253172
9.14489707912
8.37639487838
8.11313569942
13.477889687
20.2356175712
17.9887086581
11.0575107617
11.2638352814
13.9580900719
15.822179485
16.6588471456
17.9111127839
15.98989473
17.0716055622
16.3983141624
16.6396144194
19.933034268
26.817016541
24.4490260701
29.2156601988
29.0650037495
28.6892224978
28.5221670074
25.7903962288
24.5938185171
27.9690885287
24.7485184076
27.3499363791
26.1503367456
26.9083051955
28.1558150913
25.8469854294
24.6928969247
26.1242051048
25.4671531969
21.3318550489
20.8245705272
22.753405754
25.8852128066
21.3310412841
20.7514599982
19.1418304748
17.3998108667
16.0672363898
17.37946331
13.4008687053
13.241004349
11.8170789654
11.9894330395
11.4881594179
10.7186242704
10.4062240994
9.59375116092
8.72320847979
8.91126259857
8.36422095614
7.97139733851
13.501336045
23.3791246059
13.9691352104
10.8450753677
10.1942065512
13.7605421548
16.9069504666
16.7960013514
17.9152076824
17.2697828864
15.2492893513
16.6112290824
16.4761080487
17.4503884514
24.0073923743
27.9982006861
28.4956893656
28.5640734865
29.0662239642
24.6635543593
28.0678820297
27.6751044421
23.3903638093
26.880929407
27.2868867614
24.2922083055
26.6438952631
23.7200379174
23.8266512217
25.9272699547
24.9225
24.6675812954
23.2080257589
18.1577504312
20.7779823013
25.4251282402
40.0479690287
21.8721164611
20.547549269
18.9537364992
17.6471370617
14.8924943654
17.6457128492
14.7269290303
11.5922102077
12.2664567157
12.1551222881
10.587174572
10.8007935621
9.4244298589
9.74473313034
9.37327763908
8.78721447951
8.24639875937
8.11162972069
10.954598103
28.2736423815
14.7428628171
10.7683866905
11.0390735595
12.7744265842
14.4920180252
17.7727546265
16.2125652824
17.3471239098
16.570566416
16.7526467776
16.5339606534
19.7440844626
22.8802256935
28.9951603626
28.4184525936
28.058781683
28.3287055044
25.6107763246
24.2608704719
27.6000918427
23.937920658
26.8032356578
27.0077840299
26.9957946298
25.7858525235
26.5400225893
23.5829413586
26.2543333811
24.4894224176
24.5916066032
22.1928400451
19.1797447306
19.1868452527
27.9947343216
40.5883843149
32.229284626
21.8037535932
20.4772698195
16.9016110913
16.3604139307
16.3963656908
15.9481446473
14.5762952789
12.7828348227
11.4740987449
12.1535573553
11.1556812318
9.55998989868
10.0222629046
9.81228373928
9.04520452806
8.73344477047
7.53730125958
7.25185174398
13.1701869333
20.4942006426
18.6117914802
10.9332966555
10.1348678775
11.498014043
15.9656074311
16.4473431228
17.1234190383
16.911289708
15.525705081
16.4994972096
14.9561772764
17.1790405838
26.0022952107
27.4170026467
27.2846151789
27.9711288293
25.3092775413
27.4471621516
26.4811377987
24.5037681471
26.5139180694
25.940414269
22.8700439499
25.7247940987
22.3559296056
23.3863271622
26.8363477807
23.7721124589
24.2288851198
24.3299821916
19.6625335766
19.2032904181
20.0865309103
20.9237715885
24.52554641
19.7189900192
19.0540154506
15.1303097357
15.9383284011
15.68544256
12.8656328388
13.3064678167
12.1826646927
10.9947644799
11.1391404094
9.73646818378
9.62127637228
9.5424479959
8.9124269524
8.57418382166
8.01540023962
7.19902199175
12.7813394555
17.5171598097
10.6446278407
12.721947014
10.8008624269
14.1446624028
16.5313911327
15.8992075739
17.2662755327
16.6497373454
16.6011784785
15.864255415
15.8818521704
18.9094409687
25.3567138576
24.9022760752
28.0148207636
27.6618302755
26.5050159011
25.9700491762
26.3774574466
23.4263554813
25.4664592742
24.7426105201
25.6434986308
25.4403350173
20.2317803203
22.2085953652
25.7324500311
23.3405366036
25.435376804
24.7942052383
22.9586005443
18.9909446815
19.7392664017
21.4068798104
35.0512450195
35.7535021268
22.7938003922
21.1890246528
17.4556090787
15.823817807
17.8063580047
14.990636306
14.2617547707
12.8924644992
12.1702952834
11.4966362346
11.0159662594
9.62880447286
9.97850128965
9.19942309689
8.88616250938
8.58031730351
7.95634520871
7.01839804751
12.9744380105
25.8288762986
16.8109253434
10.4149996796
10.3377259837
13.437113714
16.1848568331
15.7906460218
17.8478755362
16.532192728
16.0267688071
15.975008194
15.2128800707
17.5613414099
24.3897601235
24.1197587251
27.4858419526
26.1548868
24.7419245571
26.2361431154
24.9682476816
22.1124157687
26.3115827295
24.8094573811
24.2735004514
22.6310598175
24.2243074574
22.2489779246
25.2465671859
26.1975955988
22.2210971743
24.5094182506
21.9074659841
16.4366416955
18.6740305716
22.7297388141
33.9175763852
23.975762169
17.9497299912
18.3792043647
16.6932117246
16.0492742855
15.6976169675
13.8713271317
11.8357432252
12.0880966943
10.6069464898
9.79106240036
10.1110561023
8.87803202619
9.32853685847
8.71263886999
7.77827607571
7.89419615166
7.61777299181
10.7800409028
26.0614481599
16.143837929
10.0699422203
10.753781265
11.6937804531
15.0794425545
17.2365796344
16.9455525586
16.6505972819
16.7714444367
15.0849519076
16.5698832277
20.6642906967
25.1163033967
26.482806657
27.1580979799
23.9159501421
24.9688694603
23.1737423455
25.0246092792
25.2289149477
25.9978407431
23.8274564665
24.3282937746
22.2127239851
25.0103778649
24.4287427336
22.8552790918
26.0858178325
23.5735773276
21.7315532294
21.5003562637
16.5154489936
18.2272539519
21.2039182645
25.736109709
19.702791759
16.0579008442
15.6348317368
15.7605013315
14.8095018282
13.41719217
12.1579949925
11.8870539185
11.2793524836
9.75653073289
10.1248438655
9.70414665867
9.21730243696
9.09289602054
8.14892644743
7.8000649545
7.5269378925
10.792286705
17.9493529154
15.5802606226
10.1634859699
11.9039324772
12.9594901226
13.8469098228
16.2123015614
16.6557774523
14.6626895768
17.6793545639
18.2814037531
19.7834508
24.0662476655
23.8007673981
23.693576394
26.4176893225
23.3028439972
26.1372274395
24.6922824439
22.5939553472
25.4681235616
25.29362474
21.8421703686
24.0272892499
24.5408199098
22.504972412
23.9534939322
22.4153492917
21.8996692971
19.2743111963
20.8871029483
21.0902627933
19.0183197425
18.1090480997
21.5446346355
36.1354141297
22.6700010908
20.1506134922
15.3200462908
16.1923926773
18.2288931666
13.8393384444
13.7574900325
12.4995416516
10.7340171554
11.1397974386
10.5777451453
9.82442134872
8.94964918117
8.55339897327
7.97925115305
8.31101738109
7.01404180768
7.43381001499
12.4986457322
25.9596860434
18.2696306758
11.2692544407
12.3725968505
13.9229380643
15.2418590173
15.3463351759
14.773325401
14.537638952
20.8580447652
26.6312002254
22.6074478279
26.8389637461
25.9363254667
23.3895352012
25.6948428499
24.4778329161
22.87757088
24.2017469517
24.0526242504
24.0676606972
24.7839308866
25.7448781671
22.1211640251
24.2259067015
21.7639640771
23.1337730163
24.3207373573
24.0913462553
24.0344427423
22.5837744225
18.2865957431
18.1982512699
17.0424242602
20.9672353378
28.1703829174
22.9140280064
19.0789765467
16.830351003
14.8152968578
16.635856764
14.6897386684
13.293705735
12.339144779
11.2564627042
10.0818066817
10.5916387986
8.80239422561
9.10174887641
8.72509453545
8.60455953636
8.23801273419
7.4310163465
6.70626938342
12.2378070035
18.6257369932
22.2162415759
10.7101283548
12.8918956639
13.9732159991
15.8227808151
15.1421731127
14.6392138024
16.6635964094
21.0849823364
26.6791454646
25.6133792142
22.6658719086
26.1723766578
25.476023135
24.9894154176
23.9788656879
23.3526364679
22.2927578548
24.4286954998
21.4301083317
23.7528088675
25.0179327755
23.2378440455
23.9036140473
23.8825060832
20.8670873155
23.6353815676
23.7708437444
23.1823961367
23.1208948418
19.6003889974
16.2444654578
17.534317619
17.0153963363
27.7956143858
20.187440413
20.203055373
16.4012047048
15.5816447447
16.2095772345
14.0851283735
12.1985581605
12.2975749878
11.6048432393
10.5979626618
10.2556371052
8.89725281704
8.53998703139
8.90656579158
7.85939538284
8.09522063843
7.50353381381
6.73908740191
12.0690767814
14.9733218205
14.2519412032
9.58459923759
14.6057641265
14.0824922065
16.8025997851
14.7328467562
12.0439712955
15.3515601014
22.4474036653
26.1129579916
26.8261684194
22.5048090513
25.2384352285
25.1247694308
22.2020479665
24.3394194129
24.560616353
22.7422439207
24.0918819502
21.2797438115
21.7031825057
24.4869997231
20.5461892376
24.1093335325
24.0910636909
20.9948451362
24.029994042
23.4431004042
20.8302210899
21.8162194726
20.3978188869
16.5810146775
16.8802198769
16.4815922017
30.5057025473
20.0560795231
19.3567848454
16.5858476991
16.0354431941
14.7790438774
13.5896926428
11.7899853176
11.7048863195
11.164117588
10.0331322946
10.1142362868
8.81536917378
8.22242502475
8.34848977226
7.81323268041
7.95086795137
7.40007794737
6.54810585702
11.8966702016
23.2229300119
17.2484675984
9.71543149408
14.0838078633
15.7052033141
15.4578953419
16.3623976654
12.7443011011
16.0401990947
26.0194804173
23.2734730195
22.5690525669
25.5496407827
21.9419104472
23.5449579941
24.6462764732
23.4789308127
23.8600635703
23.7211279605
21.537801607
24.4800670719
23.4316106644
22.9243493814
23.422855623
21.1961255038
21.4541643145
23.541170078
20.9338711545
22.1032197187
22.5361718193
20.7494526218
19.1774475316
17.4556090787
14.7719520913
18.9005069725
28.3284512926
22.5161919577
17.228802312
14.7586258342
17.893466429
13.6855384143
13.8493661341
12.2883315258
11.0989252664
10.9514244182
10.8615495115
9.12399133245
9.42822020716
8.95682651365
8.61972250647
8.25342091027
7.2425779226
6.83959562298
7.03894836917
10.6640463685
23.6791796243
18.6450558356
9.39833070385
13.6947261388
15.0367536483
15.2291708521
15.9554911054
12.6528860381
14.8412694517
25.6344802443
23.0846815765
21.9398200921
25.3627879146
22.2030776818
24.3994116044
23.2514228234
22.337616571
24.0238109061
23.7126597436
21.0772760946
23.5823626121
22.9169611087
22.2655783009
22.9108059391
21.7648535737
19.0135472212
23.0180032015
22.9830670571
20.4295958393
21.4053236582
21.0311212688
16.9735962009
16.7859059296
16.3928840773
17.3287597304
28.7457710123
21.3147384599
18.029609502
16.2052944752
15.2877030149
15.1431800206
13.7217167783
11.3410272235
11.6017740959
10.1025928545
10.392008953
9.64548622965
9.24910376205
8.60114155631
8.45418348116
7.24382511606
7.59869177727
7.21748850978
6.3590605468
11.3701158298
16.7405028699
20.8176601721
9.58085145376
11.2163919236
15.7687507167
16.4000476301
15.9544077575
13.8057202094
16.2873596901
20.0089098422
24.7808147707
24.3295213294
23.8879953869
23.4419937678
22.3673578124
20.952080699
22.1445685291
20.5882895906
22.3585532765
22.7026338091
22.7214739171
22.2419492087
22.8957699729
20.7267125778
22.7110250119
22.3557558223
22.0031410855
21.6466502691
20.6820170681
18.7475523278
20.7088519272
15.9383284011
17.0397559625
16.24026373
17.7328468052
26.9585610023
21.6674262166
16.3961334771
18.2454869459
15.2385259689
14.7344097
13.1364365471
12.573172257
11.2505855811
10.784081748
9.38130395242
9.41314973966
8.98548886206
8.65086241981
8.22174745846
7.91061830927
7.51356010188
7.05010643935
6.28719282018
11.270160542
18.7124907873
14.281945851
9.5529964008
10.1994188074
13.3692719777
15.8125296393
14.7285577082
14.7671764783
16.0289359362
19.3313166325
21.1929002231
21.6900750537
18.7843772896
20.8134294537
19.6812353193
20.0853470981
22.1009459315
20.1294688834
18.0137966911
20.9816715665
19.8893085947
22.0450096773
22.0477791957
19.3355332182
20.9454771334
20.4826007518
18.6173810739
20.8447128492
20.7952282742
18.8237826949
20.0919039287
17.7197743748
15.4261253313
15.7946281191
15.3307100236
19.2354379148
28.3398059718
20.6551146033
18.4776623931
18.4826289952
14.4613427028
13.9897342458
12.8584728144
11.9791108712
11.4133937223
9.88139687809
9.07284503711
9.51826878634
8.29593563647
8.33496338221
7.99004064458
7.29431404256
7.18748040076
6.75339783353
6.09934461336
11.1713470993
18.9589091634
12.3219733892
9.18056373842
10.9001545008
13.1496557874
14.3795235511
12.8730224484
13.3634840458
13.3855097753
12.0429940112
13.486958891
13.4391515464
12.321877691
13.5755618965
13.5769565306
17.4873723117
18.9243510667
21.4680874065
20.2140325415
20.7789582101
21.2213452201
18.935001464
18.1033389567
19.6619162445
17.1852244014
18.5944423653
19.0486314488
20.2101339629
19.88110099
19.9660776405
16.9625162065
18.7524681586
16.5964836608
16.3044747972
16.4164678901
16.3122861934
18.2802816114
23.2010680999
18.4424663645
19.1488574225
16.0261906959
13.8401118084
12.7156394272
11.7202368002
9.62874546158
10.3337011514
10.0031008232
9.36191278334
8.69765830614
8.30439348618
7.92216607782
7.78565113212
6.57589528366
6.61709115231
6.5809119293
9.68736290226
19.2091651503
13.1371074133
8.96794899216
11.8010794161
12.6513118342
13.1926543865
13.4050697863
11.6167371729
11.1883859958
12.2908288416
11.2030199415
11.9587115176
11.8091802785
11.7117728808
13.2845970518
14.6274595627
17.9330780039
20.6726042578
20.8330337083
19.7478410848
20.0154766469
18.1475059901
17.0534548686
17.3379472065
16.1175380087
17.8142805217
17.659930252
17.7249623594
19.0111384255
19.2162470321
16.2679604856
18.5594943185
17.8620529308
16.332035971
15.6391550642
14.7248605085
18.0992947445
24.9851953989
18.6673703414
19.5707257138
16.1805791439
13.5259258691
11.4133937223
11.8312001815
10.34
9.46537860681
9.64491330317
8.24694853673
7.88636440038
8.26770929885
7.82304226816
7.37027918172
6.94919041194
6.24271660542
6.2743193153
10.5865935658
15.7316157246
11.9477878496
9.19160934029
9.93020589795
12.5323913899
11.8895794282
11.4384813673
12.0932468919
11.7118289625
11.773446171
11.7899738806
10.5522998377
11.6486628718
12.0515499796
11.8429463274
14.1562678456
19.3512076632
18.2870513567
19.5204643189
16.900094774
17.6202736674
18.8907498288
18.2686979908
17.1342539715
16.9985058429
14.8409137762
16.921960132
16.97744319
15.6386433197
17.3017800463
17.2319884628
16.5125769506
17.0873509173
14.9099963514
14.0664419753
15.2692799012
16.1607076675
21.6386534552
21.16215713
19.0718683745
17.5471605003
13.1329363174
11.2124642211
11.5629518686
10.3593583195
9.05264272093
9.56513100433
8.27374574415
8.58608312071
7.91676047869
6.92028518234
7.45436474327
6.96481034939
5.95724210539
6.28339363705
10.2436153681
19.4817255338
11.6346201899
8.64950905366
9.71521302166
12.5757523139
11.3473283072
12.103237477
11.8728498767
11.4040789572
10.5111233151
11.0663081774
11.293919359
10.6854620833
11.1172335808
10.7575480153
13.4918137665
17.2962982606
16.7927455072
18.5456593127
18.1942659798
17.089036585
18.9195490193
19.1662088988
16.4232422442
16.5898153928
15.7780039288
16.0180490916
16.3609265772
15.0852120184
14.3581643743
17.1459277168
15.2457649496
16.4499133387
16.6906748602
15.2737739922
14.6323639461
14.9838196549
17.100769366
19.14934336
21.0125791896
19.3531221709
13.4409606061
11.2375590262
10.0031008232
10.3779267142
8.92556058056
9.34894743887
8.7162081455
7.83004568283
7.97413394032
7.45083343992
6.80205788772
6.70243390503
6.42191462168
6.07499727458
10.1239460742
15.8158383386
11.0071804166
8.91396923882
10.286184829
12.3384765478
12.3177578698
11.0181325075
10.99284379
11.0104690206
10.1546507875
11.0348581136
10.7339393539
10.0861434752
11.225611475
10.8583529686
13.1150441818
17.7122321842
16.2849903896
17.6263371403
16.9769815147
16.079449477
18.1965400908
20.9234128663
18.2895342822
19.1634496192
17.7536410653
15.0778913184
15.4791501647
12.4069780774
13.3397240639
16.1800394626
16.6434532964
15.1518639329
16.5976536555
16.0763509211
12.9433923451
14.0865589673
16.7781168477
16.6663893568
21.7386782252
18.8364731082
13.5951143097
11.960230804
11.0802690114
10.2862111984
9.90060586238
8.37394866335
8.59204939495
8.12568964546
7.05378535368
7.18813492001
7.18042682965
6.2296584105
6.27321638129
5.44224923984
10.0770666853
12.0893263609
11.2838978533
8.56949179143
10.857506367
11.0190641937
11.8683396048
11.5908057876
10.7780967634
10.7953776822
10.4279251735
9.8919225877
10.5242500684
9.85075433292
10.8217116242
11.4763859537
13.1110973846
17.2595640881
16.6469650454
14.6642702069
15.7760770673
15.4897170241
15.1220232556
18.6908758544
20.3595711675
19.0566545857
19.3114288388
15.1340739359
13.6938421035
12.2219859186
14.8858911798
17.0505231605
16.7578526683
14.6798001906
15.2454493033
15.2571293706
14.4208280953
12.9520943605
15.5714848837
15.7799696893
23.6610131851
18.6170396923
15.089575707
11.8609328475
10.6892002514
9.64455975788
9.47477006791
8.24615668197
8.53833947078
7.93251987465
7.32082683741
7.1963471891
7.0118822818
5.9500305284
5.72648405483
5.88909499819
9.34613184484
18.9722002398
11.293322398
7.29206001666
10.3493200356
11.8014958496
11.7816788656
10.6736792419
10.5600666241
9.7834056828
10.4195457669
10.5120899956
9.6197397204
10.4782165719
10.8273290653
10.5550476013
12.9076616823
14.7774083911
14.4517784307
16.4097258783
14.0495697129
15.1763755099
14.565807256
13.1295814498
16.671053753
18.2808399963
16.5058511411
16.6835652971
13.4168293464
13.2228196012
16.0098406818
14.3529383543
14.3692263554
14.9219295353
13.0239557455
15.0432702137
14.3943224483
11.5658433269
13.6761358154
15.7854575202
19.8044839131
21.5489400976
16.2269351961
11.3013265487
10.5284543252
8.72222877653
8.41239522947
8.85089413167
7.65593776193
7.83952597393
7.20165613163
6.6058009837
6.81067796701
6.49889923545
5.53130057211
5.81420702382
8.79789906688
16.3912993323
10.6919294432
7.66718673777
11.5198987571
11.3034692345
11.741375756
10.7498742506
10.6379538127
9.26764467393
10.3685781119
10.3350913894
10.2553667218
10.2586845968
10.3806570602
10.6864744732
13.2845172371
13.9983816502
14.3884029802
15.7803048555
15.310510467
13.5952405467
14.260635053
14.4823118584
14.8844919945
15.5935869258
14.4744568755
14.7808052167
15.0027369592
13.5292256762
15.7725154805
15.3144989202
14.153563806
14.7940234886
14.535404747
13.2692038438
13.6650731216
12.9368625197
12.0556021377
13.8848051924
17.8372333747
17.8582752186
16.7615147276
10.3189349799
9.89139021716
9.77212788446
9.08861206197
8.66545663318
7.82820317299
6.93623825456
7.23280597603
6.96245623771
6.61374282933
6.09005020861
5.72243413746
5.2087011004
9.24723535939
13.3147295046
10.8167354568
8.14633495789
9.18785985353
11.7695858058
11.6947164113
10.4310063468
10.1997774298
10.2522568033
9.78581425328
9.83277515049
9.28002212024
9.35216211983
10.6810417263
10.2820745901
12.9961869939
14.2303291255
13.7716387388
14.7217986448
14.9782075969
13.5185787038
14.8701574438
14.5023488349
13.9033868773
14.7083208851
12.7381830342
13.039232959
14.5901385859
13.2355842243
14.4864592408
13.8263919857
13.6009796198
14.2922125659
14.2199249512
12.0582997144
13.532849802
12.5085711203
11.4688954846
11.1911520144
14.7995627523
17.3312813874
17.2029640502
10.040938466
9.7741365464
9.46425690553
8.80153909446
7.77198095689
7.65829803575
7.44406627037
6.59302120456
6.75322422468
6.02293053946
6.1987046577
5.81897790846
5.4417165804
9.17166095284
16.8663058876
9.63520358748
7.9390812894
9.18534018964
11.39696902
11.4855645936
10.5906464541
9.36250333326
10.2297217797
9.13307707147
9.61163243439
9.84834739802
9.92759189464
10.0962974426
10.7600235467
11.4659042846
14.4742920066
14.5608409281
14.2256820866
14.5565140492
14.4618317669
13.0514603142
14.0099936007
12.930952155
14.1211734272
14.5179642726
13.6414650888
14.1769816427
14.4801437736
12.597092169
13.5154313636
13.8667008592
13.466050921
13.4710361799
13.2315296944
12.0356385273
11.8811945618
10.1534079595
11.828085323
13.4294267909
18.7537348167
17.38405245
13.1689781746
9.36383245461
8.97479643526
8.69138098222
7.53151635991
7.69143346093
7.33981868101
6.31708479255
6.65815190718
5.98010120593
6.10637709046
5.75531718218
5.4435976704
9.02838147521
15.1272880838
9.05225298863
7.72465302351
10.6188607433
11.0317347187
11.0132103119
10.3437527454
9.69720234393
10.0376859936
8.82175741711
8.12396262205
9.06681537954
9.73624602405
9.20505386484
9.93574672127
11.8031727185
13.7377687802
13.7406377217
13.8940468626
12.847369417
13.877756157
13.624624897
12.5201093679
13.5799345612
13.7919745541
12.5576407327
13.0930123654
12.2064936518
12.3586891079
13.4996601913
12.1775783051
13.2194287534
13.3936740595
12.0459585722
12.4656593625
12.83926297
11.0972347714
10.894019463
10.5702347964
10.8830168668
16.9591017657
16.6992298127
12.1268843338
9.99540158726
8.51619595506
8.0151242309
8.05745842046
6.94183505516
7.13785992289
6.84233971045
5.97027065149
6.22789861969
6.06306923802
5.18928237224
5.29646579219
7.5769447242
14.7616088647
10.6104323083
7.7956769327
9.84720459958
11.1136095042
10.5587393487
11.0729060949
10.8486936111
9.5514388304
10.1449308855
10.2416652529
9.23475815179
10.1659491548
10.396144128
9.69556513139
11.8045546109
13.2575803344
13.4848491746
13.0375452893
12.143344322
13.1620918636
13.4494954138
11.8953870003
13.2516602639
12.8503654667
11.9911600224
13.0780342774
11.9114202029
12.5415313696
12.8603853931
12.8812553012
12.8998691366
12.9881252421
11.060511847
12.385148742
12.3061574031
10.6549061379
10.4046808848
10.042806328
10.7385704209
13.6791227555
16.4319514046
13.5410484263
10.4345619243
8.55367772202
7.96879345219
7.67882784932
6.74716090524
6.96531299786
6.70643156394
6.18691177138
6.10559894063
5.84401449333
4.88178387466
5.03354590356
7.48200104844
12.6637902132
10.5287765457
7.18694968603
9.29346008946
10.4951047064
9.34297704877
11.7054722805
13.3841586868
12.9902914724
12.8092240074
11.691973738
11.0980861646
12.0904617197
11.2206057774
12.1693286812
12.4384608318
12.9251209958
12.3702275126
12.3669310225
11.8388265956
12.978201516
12.3967284436
12.5802402638
12.6281659445
11.9199567651
11.3235611559
10.7770290816
11.365849406
12.4422240354
12.1068815005
12.1939484145
12.277619934
11.7244657486
10.959313161
11.7905676182
11.7125469913
11.164782742
10.086478987
9.69101149735
9.12420892794
11.3272380003
15.2511001745
13.0133553919
10.1728952047
8.59619370433
7.92045535407
7.52058964244
6.54802901499
6.81999345528
6.34415606154
5.50741492311
6.02478673899
5.79169317746
4.77908487045
4.85279427555
7.2872702885
14.1856859843
11.8931135355
6.9291920571
9.19827760637
8.93064490366
8.04358336411
12.9955282528
13.6398743413
13.297719203
12.6796625547
11.8634947742
11.4645081027
12.6142629305
10.9285719918
12.0419920282
12.3765007881
12.5210152232
12.1829484771
12.5857769733
10.5838850758
12.2895831606
12.0033869564
12.1174572914
12.0258443236
11.6097212781
10.9162585818
11.9960457968
10.6131920895
12.0469429222
11.5276451109
11.9466088827
11.2283051517
11.8258459492
10.3354352561
11.5506210126
11.0816492134
11.2613234235
10.0943469143
9.24831897933
8.42362548977
10.641936862
12.6118754083
13.2362990201
9.57511626817
8.24537541565
7.78619736848
6.87540861035
6.35209591022
6.70323608723
6.25955955545
5.95018254062
5.79756646972
5.37546003686
4.72192919092
4.77959938706
7.38707454341
12.8803752711
12.8003462384
7.03297534609
8.66950588364
7.75489156564
8.71157962178
11.7291159786
12.6835005946
12.7237343642
12.9005917892
11.7821484563
10.8799410022
12.0100095015
11.1216787348
11.9724686272
12.1795409774
11.4173999643
11.9141621237
11.4690003458
10.5567779109
11.6952340541
11.6151023335
11.4094842266
11.3861575205
10.5467282266
10.4592906225
11.1618983736
10.4339679344
11.4571719994
11.344590027
10.6834770242
10.9248416328
11.2395762877
10.056103023
10.6697957467
10.8421692305
10.703040126
10.3226289869
8.51653306089
7.96863572151
9.45446683871
12.1883191952
15.7232449151
10.6200096139
7.9813124612
7.5426323491
7.06183551163
6.10241126786
6.32390480326
6.19597852136
5.91275994504
5.64087764641
4.97185950492
4.5600485841
4.72033112465
7.30323990222
11.6638356674
9.32165757339
6.4291529141
7.66051150856
7.42937232935
7.662760971
12.4272491292
12.5364331751
11.9645558285
11.9905268863
11.0468219403
10.5240322442
11.5523034492
10.5395006339
11.6362578412
11.2731167214
10.4909605795
11.5795887006
11.4537241351
9.91669853276
11.1263938348
11.0501596118
10.0982245153
11.2499106899
10.0965166774
10.0128115501
10.6189988737
10.0909386358
10.8876774224
10.7806914926
9.89784251595
10.9194264719
10.677736633
9.61999267389
10.6106464725
10.3585294461
9.62095480124
10.032748987
8.20132248062
7.81982353564
8.27939880639
9.90934262079
14.6413573495
11.0849825883
7.68070204448
7.50970795157
7.09184092244
6.13437376065
5.99088507532
5.74720321568
5.69809926441
5.34612224367
4.7950448606
4.44712991873
4.58777481678
6.945
12.1531487346
10.6984788032
6.321324955
8.11518354886
7.6756801488
8.41862784429
11.4837589745
12.1703945648
10.6275265448
11.6404276406
10.3021772903
10.1678443096
10.6449929578
10.134738861
11.1757618102
10.7180679097
9.70171174924
11.0037238935
10.9396499197
9.90905868619
10.358074832
10.6718861661
9.90463222315
10.4007150353
9.60686254259
9.67102393818
10.5316971159
9.40339186395
10.228677475
10.4659170047
9.55741540283
10.0790516228
9.80825229212
9.29351118834
10.1247192674
10.1733887043
9.19229472064
9.68465216183
8.36209054528
7.48425420927
8.07916605628
10.6864225904
13.8628094142
9.83337507063
7.07106781187
7.25570667944
6.75860374822
5.98202762085
6.01934159099
5.82044180571
5.24223885745
5.34394160583
4.57078510084
4.33491623566
4.52265020063
