0.588405514404
0.923729627688
1.04006902352
1.57839050116
1.86896892323
2.68965640895
2.97969609156
3.34926189651
3.49032837111
3.45555090627
4.19773703761
4.39554360188
4.77069978123
5.20226280656
5.21781514562
5.25099581682
6.21124158694
6.026266539
6.90538669375
7.37521240164
7.63822843975
8.04124662431
8.41131377881
7.82266402482
9.2014103711
9.34312448464
9.8072609466
10.3264449112
9.815
9.97113713026
11.5204448044
10.996262117
12.5371048958
12.859583703
13.1076111261
13.2158579084
13.7292508998
13.0835709299
14.5591393594
14.1905567971
11.9640552417
12.6237896448
17.6721089445
24.20426512
22.7311376907
15.819180566
14.8628965095
14.5432536109
14.9685084185
14.5792582369
14.2708747478
13.0417178791
13.7532889044
13.6470730579
0.0
0.352364085969
0.672513301457
0.644255621351
0.992634621379
1.1513273617
2.19405244399
2.68965640895
2.96438705045
3.47128077924
3.59104431415
3.56431203363
4.27882259703
4.5417617872
4.53845476145
5.22555652062
5.21781514562
5.16036058836
6.1803398875
6.10765857762
6.87460488085
7.4110491966
7.56330712107
8.20144638699
8.33403381662
8.1818895473
9.33730542661
9.52926058953
9.66172476213
10.5397611442
10.245
9.92478370352
11.6370270426
10.996262117
12.408490528
12.922677111
13.1781453564
14.0764533915
14.172527162
12.8318427735
14.5591393594
13.9740573175
12.7803945815
13.5172074964
19.5963126306
25.144717139
17.7820798644
14.8391666059
15.3682349909
14.5432536109
14.6314488636
14.6414299138
14.5860790493
13.1455404954
13.5348543159
13.8109034667
0.0
0.379415315947
0.518257526032
0.640592104414
1.01425912824
1.12518063887
1.99649364841
2.71768635793
2.92124338915
3.4884885704
3.62751043146
3.74558057924
4.36406639026
4.69922752524
4.95697964084
5.17638090205
5.33633920862
5.4351899908
6.33175821474
6.24765288403
7.11059877974
7.486306466
7.52959252766
8.32257303682
8.66349049751
8.21992519086
9.38552625275
9.71993659942
10.1030280312
10.5397611442
10.395
10.3007614982
11.5787359235
11.2631352441
12.6657192636
12.7907545306
13.1076111261
13.853781833
14.3202859161
13.4045243294
14.334163696
13.9740573175
12.5528901753
13.7081670373
19.1100517713
24.7628794772
17.098707054
14.8391666059
15.227037474
14.34702912
13.9343484203
14.6414299138
14.3339156081
12.642400124
13.7532889044
13.7617543441
0.0
0.366326011119
0.618768076535
0.62698475579
1.05123005932
1.13999711514
1.96931624796
2.78958927054
3.04093225598
3.54324063316
3.75601008294
3.64445181169
4.42851901442
4.8162020735
5.05374839908
4.81144604846
5.41076129469
5.61061301363
6.61605384957
6.33230060419
7.14480079407
7.59740053036
7.35352742875
8.49449473336
8.57807580247
8.29599647797
9.53018873119
10.0740491892
9.95279713106
10.9227607441
10.445
10.2544080715
11.8171995924
11.4864372485
12.7999255604
13.2037295648
12.5844822516
14.2269071473
14.4003219079
13.5429748154
14.8741052881
13.1867864827
12.3320770752
14.2469457417
21.4996765657
23.8436406616
17.9834950085
13.7787037385
14.4541668555
14.4149529823
13.9343484203
14.3228000697
13.1834199078
12.9937997485
13.8665512836
13.6470730579
0.0
0.414843701014
0.544083153592
0.644255621351
1.0749472604
1.15481359141
1.84492737667
2.8346809276
3.05624129708
3.61989352103
3.83241528111
3.71123496007
4.42851901442
4.8162020735
4.90859526172
5.4326117567
5.38595393266
5.68662965686
6.58206198019
6.33230060419
7.28502905284
7.75149874866
7.60076778041
8.49449473336
9.07022714059
8.29599647797
9.72745574725
10.1239881442
10.1030280312
10.9227607441
10.6
10.8621529999
11.1230053563
11.431973345
13.1522170896
13.4159528463
13.0429547484
14.5458691096
14.4803578997
13.4045243294
14.2634570589
13.3114376982
12.3320770752
19.484693147
26.7790801812
20.8737921806
17.098707054
13.3033238325
14.8628965095
14.6111774731
13.7581581984
14.3849717466
14.6491199095
13.0976223648
13.7532889044
13.6470730579
0.0
0.397391294577
0.60062033825
0.62698475579
1.07913264882
1.16614383796
1.63587045014
2.73231067914
3.05624129708
3.69811075355
3.95396900548
3.76275338883
4.52000015838
4.74421773611
4.83843791199
5.59825594557
5.48793975432
5.63400275001
6.65004571895
6.48206195524
7.4355179159
7.75149874866
7.52959252766
8.76019190073
8.97667771268
8.61718635689
9.92910647477
10.2284059591
10.3095955188
11.2184946125
10.705
10.5531301549
12.5272914065
11.7805423274
13.4429973994
13.7142125932
13.2428017341
14.4676331566
14.9667304652
13.8198757875
13.4278331664
12.9374840517
12.4993597268
18.5298954429
25.702359707
18.8656089221
14.3867960068
13.1351124811
14.7960134753
14.0979749586
13.46706131
14.3849717466
14.2708747478
12.9378952628
14.101166212
13.6470730579
0.0
0.401754396186
0.688218074973
0.640592104414
1.11261575622
1.16614383796
1.599285488
2.76034062813
3.13556996463
3.71844723401
4.10504292005
3.94593002439
4.61356041925
4.93992515339
4.86263010155
5.62672604053
5.48793975432
5.84743409445
6.71802945771
6.51136308914
7.2508270385
7.75149874866
7.67568909909
8.71330416531
9.11903553776
8.7397456528
10.1439083367
10.505340164
10.1030280312
11.7178485214
10.87
11.3668903133
12.5961809108
11.7805423274
13.5156924769
13.8633424666
13.454404425
14.9611214756
15.2191516701
13.2094350081
14.4820048462
12.8784387391
12.9543685391
24.4428212246
25.2925112684
17.4796796309
14.5234705688
12.8571980745
14.7960134753
14.6111774731
13.4057777546
14.3849717466
14.2078338875
13.1455404954
13.4782231263
13.6470730579
0.0
0.410480599405
0.520351495834
0.62698475579
1.14819155783
1.3038499115
1.56374581048
2.8200566064
3.13556996463
3.91086162601
4.12761718314
4.02416171249
4.75909860282
5.09514138089
5.02955620952
5.86225137157
5.62024568511
6.01700968319
6.85708710518
6.93460168994
7.2508270385
7.95218480041
7.60076778041
8.94383553112
9.07022714059
8.7397456528
10.0913037991
10.2284059591
10.3095955188
11.9844938125
11.15
11.4286948823
13.0996042118
11.7206320335
13.6666745608
14.1788095066
13.2428017341
14.3893972036
15.1329590635
13.2723670472
13.0421606005
12.7013028013
13.1350338028
26.9593951733
24.1393783735
15.6906994745
14.804013091
13.3033238325
15.227037474
14.6111774731
13.4057777546
14.074113362
14.2708747478
12.9378952628
13.6400265252
13.704413701
0.0
0.391282952324
0.632029885282
0.608143811543
1.18097710049
1.37444606313
1.5417948332
2.54585058373
3.2900521067
4.02662313014
4.19707645421
4.19016553847
4.66138010813
5.29084879817
5.05374839908
5.98907270367
5.7001805183
5.9614590593
7.15065324984
7.65736299283
6.65229178768
8.1170340572
7.82553173646
8.80317232486
9.3630775236
8.91301914011
9.82828111101
10.7323354138
10.206311775
12.1202405062
11.325
11.5471536395
13.4016581925
13.3872274807
13.8232485738
14.5057480753
13.6718849683
14.8768673723
15.4838861044
12.7689107344
13.0421606005
12.8193934265
14.3260862821
28.4120516802
20.3743300056
17.0907709013
15.2500037672
13.537357017
15.0040940264
14.95834388
13.2985315325
14.1362850389
14.0265914142
12.8899771322
13.6966577148
13.3767528832
0.0
0.42426800049
0.569908781152
0.677750633346
1.20608943104
1.41192303251
1.599285488
2.64943952563
3.18567228098
4.19870104168
4.4957513198
4.06423160152
4.91503237093
5.29084879817
5.23277060182
6.02013098908
5.8710756789
6.6923883211
7.30516174702
7.69643117137
6.93958870808
8.07402990326
7.7094036925
8.99463057782
9.31020176001
9.47510142823
10.4814541197
10.6778565539
10.5771943096
12.5517210682
11.21
13.2570800482
13.4016581925
14.0190087613
14.4775042709
14.8498939371
13.6718849683
15.5809909494
14.720465875
12.2969204411
12.9200309547
13.442649504
17.3237913986
26.9593951733
18.9919598483
15.9311157801
15.4010651253
14.912301976
14.7960134753
14.6791013353
13.46706131
14.3849717466
14.3339156081
12.8899771322
13.4215919367
13.7617543441
0.0
0.410480599405
0.618768076535
0.673563756847
1.21585533736
1.40146434338
1.61705532675
2.41545038629
3.25525883146
4.12361249846
4.4436568665
4.79884623372
5.02522556707
5.29084879817
5.02955620952
6.11848222622
6.0226762246
6.91166709965
7.46894075404
8.33128907256
6.68307360058
7.86976017201
7.74686435184
8.76019190073
9.3630775236
9.99069570755
10.1965128743
10.9139316137
10.7462040722
12.8571511289
11.57
13.1798243369
13.719609751
13.8556170508
14.4775042709
15.1194748622
14.1303574651
15.5809909494
14.4803578997
12.1836427707
13.0421606005
13.6394672127
19.4917745632
26.9593951733
18.4223399846
15.9311157801
15.6384472594
15.5046984743
14.6548159584
14.882872922
13.2449084215
14.4471434235
14.5860790493
12.9378952628
13.4215919367
13.4340935263
0.0
0.441371358799
0.715090687434
0.707582128405
1.22073829052
1.55834468033
1.68081768934
2.17902386008
3.27335133458
4.2769182742
4.71802098721
5.02972511813
5.2892734144
5.31784292469
5.23277060182
6.39800679493
6.21010962656
7.06662410315
7.63890010095
8.58197655149
6.56336655042
8.03460942881
7.8629923958
9.13920109536
9.72507313594
9.88504114211
10.5954306179
10.7323354138
10.3612373907
13.1722773821
12.02
13.6588097466
13.9686718052
14.4438272086
14.8297958
15.211247092
14.4477615013
16.2490056251
14.172527162
12.8318427735
13.2285690073
15.9487949948
22.730366698
20.9646295883
15.991035688
16.1008214076
15.6384472594
15.5778338445
14.729130441
14.7470251976
13.1836248661
14.4471434235
14.3969564684
13.4170765688
13.5348543159
13.4340935263
0.0
0.428980150228
0.595734408712
0.677750633346
1.25282626844
1.52522549808
1.78430086798
2.02181240709
3.02562321487
4.4693326662
4.9941215897
5.09078399665
5.51381804049
5.43706698349
5.94644019384
6.50929898433
6.34517193091
7.26836057941
7.90774488605
8.58197655149
6.84040286651
8.24963019853
7.63822843975
9.04151831324
9.88776779317
10.2146833863
10.8979067092
10.7913541788
10.6335308971
13.4195302884
12.29
13.9060280226
13.9686718052
14.7052539454
15.2883339809
15.5840717757
14.365471566
15.5809909494
14.0924911702
13.146502969
15.5361765261
18.5074252078
22.5630840464
20.132591589
15.8173710954
15.8533340342
15.3219377472
15.2779788268
15.227037474
14.4828768445
13.076378644
14.3849717466
13.9083898012
13.8643124544
13.4782231263
13.6470730579
0.0
0.451842802661
0.663439432315
0.675657195096
1.23120176158
1.51912459609
1.83761038425
2.14246305706
2.69439123459
4.55693596662
5.09310105097
5.09078399665
5.61361565208
5.59228321099
6.1907813084
6.74223612492
6.44715775256
7.61628290803
7.81503978774
8.38012429573
6.77883924071
8.1170340572
7.8629923958
9.23688387749
9.83082466314
10.1048026382
10.5384423688
10.6188377889
11.4738849945
13.6764793871
12.575
14.2562539135
14.8536369765
14.7052539454
15.5791142907
15.3947915517
14.8650890305
15.4907186959
13.9447324161
13.6122000584
15.1183645798
20.8757983025
22.730366698
18.8777146065
15.6506530864
16.0159685939
15.7175746374
15.5778338445
15.0040940264
14.882872922
13.1836248661
14.2606283927
14.5860790493
13.6886126422
13.4215919367
12.9671768611
0.0
0.433866824031
0.574445715723
0.675657195096
1.27445077531
1.57141804174
1.89301046978
2.03887411517
2.85165683867
4.52721341826
5.05837141544
5.31593861119
5.7196506144
5.37857970936
5.65855313808
6.74223612492
6.55189994777
7.70691813649
8.14568797172
8.13920386143
6.62150997478
8.29263435248
7.63822843975
8.99463057782
9.83082466314
10.2738499429
10.5954306179
10.6778565539
12.0137772917
14.4085419137
12.43
14.4365172397
15.1397933791
14.6181116998
16.0823879038
16.3870787865
14.7827990952
15.2199019355
13.5199259982
14.6379922958
16.9438813913
21.4859331994
21.7534360127
18.0865965089
14.9490481323
16.1008214076
15.3219377472
15.2779788268
14.729130441
14.6791013353
13.1836248661
14.3849717466
14.2078338875
13.9761214258
13.8665512836
12.6722821252
0.0
0.43142348713
0.590848479173
0.654199453037
1.25770922161
1.54527131892
1.90137274684
2.04740496921
3.05624129708
4.52721341826
5.02537826168
5.28159299202
5.64896063952
5.23236152404
5.71903361198
6.86388107612
6.48299060882
7.61628290803
7.90774488605
8.1880390846
6.84040286651
8.16003821115
8.06153389031
9.49867373357
9.83082466314
10.0456360816
10.8365347486
10.7323354138
12.9949728579
15.3199839998
14.86
14.9052018879
15.0444079116
14.7052539454
15.8754865295
15.779087764
14.4477615013
14.3893972036
13.5199259982
15.1288622008
21.5141012962
20.8757983025
20.7095922668
17.7660572796
15.2546978153
16.4473037304
14.955074449
14.6270740324
15.1527229915
14.34702912
13.1300017551
14.3228000697
14.0265914142
14.0400122666
13.7532889044
12.6722821252
0.0
0.465630203747
0.718231642137
0.681937509846
1.23120176158
1.57839050116
2.03307861056
2.0973714
2.58722794685
4.41301625878
4.96112843594
4.79884623372
5.32046016803
5.29084879817
5.5690420367
6.54553365064
6.34517193091
7.43793616815
7.55237534252
7.37411869845
7.4355179159
8.20304236509
7.97912043976
9.23688387749
9.83082466314
9.67373201124
10.5954306179
10.450861304
11.6053370321
14.0303904099
13.025
15.1060667371
15.0444079116
14.7052539454
15.8754865295
16.599302068
14.0539453823
13.853781833
14.0924911702
16.8909592958
23.223916338
23.1523231331
20.0203877423
17.1522587556
14.9490481323
16.0159685939
15.7175746374
14.2248294965
14.8628965095
14.6791013353
13.022755533
14.0119416851
14.2708747478
14.0400122666
13.3164197274
12.5330262776
0.0
0.44660708073
0.51267360656
0.65262937435
1.16702580574
1.39013409683
1.72785549781
1.94381602731
2.14465748579
2.98789828227
3.18644406019
3.2437529214
3.66964134293
3.60371589059
3.82962360734
4.36368910043
4.20071330265
5.03171703828
5.31818247319
5.09514161725
6.24870801856
8.20304236509
7.78807107712
9.13920109536
9.51357008154
9.52158943702
10.7751627881
9.91969241931
11.5396110133
13.7637451188
12.87
15.3069315863
15.749200533
14.7978425814
16.4011278588
15.9798395167
13.5308165078
13.4926928191
15.4838861044
19.477466103
23.7831415584
22.7980512574
18.4077829809
17.247738526
15.331110236
16.3624509167
15.3219377472
14.2906513296
15.0784085089
14.2866523536
13.2449084215
14.0119416851
14.2708747478
13.6327081565
13.809920094
12.3036637052
0.0
0.492332385596
0.537801244186
0.638498666164
1.13005487465
1.3038499115
1.65468557353
1.83047753795
1.88162032498
2.27455712168
2.4710135682
2.56256480791
3.01056128304
2.91311615375
3.18369214609
3.69593596406
3.94988330886
4.1604493582
4.39731182996
4.37238031436
5.07899912839
7.55798005591
7.31981283535
9.04151831324
9.41188592077
8.78623366159
10.4200821592
9.91969241931
10.0513861592
13.0898597467
13.26
15.8322704227
15.6432166802
14.4438272086
15.0982083937
14.5057480753
12.3376124456
14.6301232128
18.5437236368
21.378013684
21.5141012962
19.891709759
18.7557308962
17.247738526
15.331110236
16.0159685939
15.8758293935
14.3564731628
14.6548159584
14.34702912
13.1300017551
14.3228000697
14.4599973287
13.2014449811
13.2112475181
12.5330262776
0.0
0.495473818754
0.489639938736
0.636405227914
1.11749870938
1.25765736785
1.62332703455
1.78416718745
1.83847666368
2.25734933053
2.47969597708
2.52821918874
2.90660543763
2.98060147006
3.40626029004
3.63123120279
3.90853770549
4.18968652868
4.39731182996
4.21610760022
5.09952033699
6.78390528489
7.31981283535
8.85006006028
9.3630775236
8.91301914011
10.0913037991
9.57465963951
9.95279713106
12.7795815897
14.285
15.5129468163
16.178435137
13.937312906
14.1419885288
13.1291646281
12.4610473486
15.960134414
25.8762518079
20.9123165946
19.2322052818
18.7436064583
20.2880399848
17.452338034
16.6995872258
16.1008214076
15.5593198813
13.5958653131
15.2939205083
14.7470251976
12.969132422
14.1362850389
14.3339156081
13.2493631117
13.2678787077
12.3937704301
0.0
0.505072642295
0.446015567858
0.628554834478
1.11749870938
1.26201515499
1.57524394144
1.79026065462
2.00826784685
2.21824071427
2.40329077891
2.49578165953
2.9481877758
2.92211419593
3.41835638482
3.58205558422
3.8809739699
4.13121218773
4.41276267967
4.28447691266
5.07899912839
7.23544890132
7.7094036925
8.80317232486
9.1637765685
9.37789922803
9.7756765734
9.12520904476
10.8635719629
12.0523671593
14.285
15.4099392013
16.2897181825
13.7739211955
13.9798225868
13.5593469553
12.6491386293
18.4997938117
25.8762518079
20.3144622231
19.1036477599
17.9366538526
20.0203877423
17.656937542
16.4217238777
16.1856742214
15.6384472594
14.0346775341
15.2939205083
14.34702912
13.2449084215
14.1362850389
14.2708747478
12.9937997485
13.5914855055
12.4429195527
0.0
0.412574888177
0.476378129989
0.634311789664
1.0916888141
1.26724449955
1.599285488
1.77198025311
1.98739188171
2.18069644266
2.41197318779
2.48624120976
2.93779219125
2.91311615375
3.33610294032
3.64417215504
3.89475583769
4.13121218773
4.12228670496
4.28447691266
5.11662134415
7.10285275999
7.05758821996
8.67032374118
9.1637765685
8.3762939477
9.72745574725
9.25686628969
10.2579536469
11.4027222682
13.18
15.2039239713
16.2897181825
13.3872274807
13.370302322
13.4159528463
14.5300514367
23.0073883351
23.5367382017
18.4579670695
19.2322052818
17.2937160042
19.7527354997
17.656937542
16.8871449859
16.4473037304
15.7967020154
14.0346775341
15.2939205083
14.5432536109
13.9956319758
14.3849717466
14.3969564684
12.7382363853
13.4782231263
12.3937704301
0.0
0.345906695587
0.500109787747
0.630648272727
1.0749472604
1.19839146278
1.55851938732
1.77198025311
1.93311437234
2.17287471941
2.31646669008
2.46334413031
2.87749780092
2.89512006941
3.37239122466
3.53287996565
3.84238474009
4.0610429786
4.32005758136
4.10867010925
4.86694663952
6.35386374544
7.35352742875
8.76019190073
8.62281683321
8.45236523481
9.7756765734
8.71207769
9.85420810288
10.4864320859
12.155
15.8322704227
15.2404780393
12.1454504808
13.370302322
15.211247092
18.3153884614
26.2391350094
20.0151545628
19.2131515388
18.248740239
16.4014757248
20.0203877423
17.452338034
16.6092816377
16.0159685939
15.6384472594
13.9030338678
14.8628965095
14.6791013353
14.5012213082
13.7787978966
13.9714306614
12.9378952628
13.2112475181
12.2545145826
0.0
0.460045433687
0.456485416869
0.621227800604
1.10005959094
1.20187769249
1.53029670224
1.72810728948
1.96651591657
2.16505299616
2.25568982789
2.4557117705
2.88789338546
2.85687839017
3.3481990351
3.60793748873
3.6770023266
3.99087376947
4.30769690159
4.19006214786
4.95245167536
6.75165216943
7.60076778041
8.71330416531
8.53740213816
8.53266270454
9.87650193716
9.03895084981
9.61947232148
10.9809378986
12.02
15.5129468163
14.7635507015
12.2707174589
13.8232485738
15.211247092
19.5321039337
25.9984090002
19.7319502842
18.5775379438
19.7592911218
15.8569467307
19.886561621
18.5298954429
17.3664592615
15.6906994745
15.8758293935
13.9688557009
14.9372109921
14.4828768445
13.3521546436
14.4471434235
14.0896322745
12.8899771322
13.7532889044
12.1234502555
0.0
0.385174610071
0.44461958799
0.61390076673
1.08331803725
1.21843728361
1.5355231254
1.69885864707
1.90667148315
2.18695382126
2.25568982789
2.44807941068
2.89828897
2.85687839017
3.31432996972
3.47593977573
3.62738760255
3.93824686262
4.23353282294
4.17703942169
4.90114865386
6.51871300223
7.28609824194
8.36555346096
7.98424030358
8.03397315569
9.33730542661
8.91183350989
9.66172476213
10.3797739695
12.02
14.6219309467
13.0254155149
12.537590586
15.0982083937
20.3963780766
26.3562907128
26.4858791689
18.9254337515
17.7531282315
18.0173366995
16.1259309326
20.2880399848
19.0004743113
16.789892814
16.3624509167
15.4010651253
14.2248294965
15.0040940264
14.7470251976
14.0569155312
14.1362850389
13.3961828113
12.8899771322
13.4215919367
12.4429195527
0.0
0.449224941696
0.44461958799
0.630648272727
1.04355684721
1.21059326676
1.53029670224
1.73420075666
1.8259510846
2.17287471941
2.25568982789
2.4557117705
2.89828897
2.85687839017
3.28046090433
3.42935234761
3.43719782704
4.0054923547
4.16245891423
4.19006214786
4.88404764669
6.51871300223
6.99765116501
7.46296455415
7.87442140995
7.89450912932
8.93838768303
8.71207769
9.99974428734
10.4864320859
11.445
13.9935844953
12.1298519583
12.3360741431
19.1411730858
24.1074176198
31.035061321
22.6282448705
18.6668559319
17.2056194913
18.248740239
16.1259309326
19.6256006845
21.1078492439
16.4217238777
16.0159685939
15.8758293935
13.9030338678
15.0040940264
14.6791013353
14.3709937529
14.1362850389
13.7901881881
12.9378952628
13.5348543159
12.1234502555
0.0
0.421824663589
0.425773859771
0.61390076673
1.06727404829
1.17834564195
1.51357214812
1.72810728948
1.88718724902
2.1509738943
2.22790611947
2.56256480791
2.90660543763
2.84788034799
3.31432996972
3.4189995858
3.24149530441
3.96456031604
4.19027044372
4.08262465689
4.71645777646
6.30010855301
6.58558391225
7.70521785381
7.59784049266
7.96212805119
9.2014103711
8.67121854503
9.5725251652
10.3264449112
10.65
13.3343357594
12.2623317744
15.5603372304
20.5223795574
25.392322899
22.2671558566
21.5604648659
18.212532117
18.7244030702
18.5074252078
16.2665650406
19.8666122286
17.1719549177
15.372501423
15.8758293935
14.3564731628
13.7556107196
14.4149529823
13.2449084215
14.3228000697
14.1526731348
12.9378952628
13.5348543159
13.483242649
0.0
0.451842802661
0.479868079659
0.596106541607
1.04774223564
1.19403367564
1.41322482338
1.68057824556
1.90667148315
2.14315217105
2.41197318779
2.56256480791
2.9481877758
3.0503362969
3.01676603813
3.40605863355
3.51161991311
3.72481551817
4.16245891423
4.10867010925
4.4736234747
6.30010855301
6.34208962653
7.74429096666
8.45605480955
7.96212805119
8.98222479771
9.52926058953
8.80728651786
10.0791920049
11.325
12.3815153208
12.3259220861
15.4623022041
18.9957829309
27.9491887465
20.7566001485
20.6061895791
20.3144622231
16.7446172323
18.1597139225
16.0858997769
20.0030119006
16.6092816377
16.1008214076
15.7967020154
15.2048434567
13.6367075475
14.95834388
14.0569155312
13.1570811275
14.3339156081
14.0400122666
12.661115962
13.0163259838
0.0
0.486224043343
0.503599737417
0.624891317541
1.05541544775
1.31343704321
1.36200587638
1.72201382231
1.90667148315
2.1290730692
2.46233115932
2.77436279277
2.63216200575
3.04133825473
3.024023695
3.34135387227
3.38207035587
3.900238541
4.19027044372
4.37238031436
4.23762957581
5.97041003942
6.99765116501
7.46296455415
8.25268648801
8.65944818307
8.37288890367
9.12520904476
8.96690684921
10.176153929
10.705
13.6588097466
13.4016581925
16.1866721206
18.5819801823
25.719167406
23.5911489076
19.1840115711
19.2131515388
19.1036477599
18.625515833
17.2234218077
17.9774767712
17.7763077
16.1008214076
15.5593198813
15.2779788268
14.9372109921
13.3206240909
14.3709937529
14.3849717466
14.523038189
13.9202169401
13.4782231263
13.8109034667
0.0
0.525666481891
0.486498984033
0.61390076673
1.04774223564
1.25765736785
1.41740596191
1.5782079971
1.90667148315
1.9616881916
2.42760152378
2.72475245398
2.85878574874
3.0503362969
3.2272380873
3.12912225529
3.42617233281
3.91193340919
4.10683585524
4.32680077274
4.53176689907
5.13541271698
6.81409393424
6.58772682633
8.2120128237
8.57492453072
8.68851612936
9.30226533966
9.76031379032
8.97382607076
10.65
13.9935844953
14.223033052
15.7618536733
18.4477738855
21.3944010759
28.0505982291
18.5437236368
19.8865243572
18.248740239
17.6086243381
17.3237913986
18.3048359841
15.991035688
16.1856742214
14.3220554247
15.5778338445
15.0784085089
14.6791013353
13.9956319758
14.5792582369
13.1834199078
13.8084079687
13.4215919367
13.2211139948
0.0
0.412574888177
0.421934915133
0.599770058544
0.959151513982
1.29949212437
1.50311930179
1.57333322336
1.88718724902
2.1290730692
2.15150092129
2.76291425305
2.8483901642
2.95135783299
3.23691496312
3.11876949349
3.19463695392
3.80960331254
3.81635988053
4.40168144826
4.59333052486
6.24635336057
6.58558391225
7.56455464755
7.43107846899
8.49462706099
8.89455056835
9.16606818974
9.34717881507
9.38591424797
9.86
12.6596358813
12.7392591122
16.5134555417
17.072159343
21.5664740068
28.6163043509
19.3194570957
17.2056194913
18.8529605921
17.0903377052
16.9223130348
18.5298954429
16.5120294658
16.1856742214
16.0412775476
13.6616871462
15.2939205083
14.5432536109
14.3097101975
14.6414299138
13.8532290484
12.7382363853
13.4782231263
12.2545145826
0.0
0.355854567256
0.441827628254
0.608143811543
1.04355684721
1.16614383796
1.49266645546
1.67570347182
1.72992164493
2.11499396734
2.19838592926
2.55302435814
2.90660543763
2.78714356332
3.2490110579
3.25594358739
3.13950948276
3.86223021939
4.10683585524
3.93611898739
4.68567596356
5.94532428296
6.21472338477
7.36137446074
7.39853953755
7.78885456388
8.81126005046
8.40336415018
9.66172476213
10.0258629467
9.635
12.4484702706
14.223033052
14.2695427174
17.5474733109
20.5569794788
33.203988902
31.7758332224
20.310672071
18.0992544466
18.6022734243
18.625515833
15.7379518616
19.6142728354
18.5334853238
15.6058466608
15.6384472594
13.7787037385
14.8628965095
14.95834388
13.696874643
14.3849717466
14.2708747478
12.9937997485
13.0575342892
13.5405832921
0.0
0.584132043456
0.468700240715
0.563134889174
1.05541544775
1.16614383796
1.34946246079
1.63670528193
1.87466166993
2.04616280273
2.33209502607
2.55302435814
2.88789338546
2.97160342788
3.19578824087
3.29735463461
3.42617233281
3.51138417372
4.08211449569
4.0468121599
4.3299750145
5.74105455172
6.55561538478
7.52938884599
8.02084660145
7.82266402482
8.85071345367
9.12520904476
8.84484424289
9.97738198467
10.545
10.9188071881
14.3979064092
14.356684963
16.6192130912
21.0502552141
31.3759767674
22.4162343166
19.7480738711
17.0467274089
18.8682576738
15.0019081946
17.8683570336
19.7213511373
16.0159685939
15.8758293935
15.5778338445
13.941396926
14.8149490598
14.8995644187
14.2606283927
14.3339156081
13.5768036708
12.1918861052
13.4340935263
0.0
0.515195038029
0.474982150121
0.590872945983
1.01425912824
1.2402262193
1.36200587638
1.64767352284
1.8259510846
2.07901404038
2.37898003404
2.62362368643
2.5926587845
3.00984510712
3.0070891623
3.37241215769
3.42617233281
3.70142578179
4.0543029662
4.34307918046
4.34365582024
6.11734089874
6.29339076939
7.56455464755
8.13473286152
7.96212805119
7.90383177661
9.16606818974
8.5772454521
9.88526815682
10.395
12.4484702706
14.7635507015
15.0756084892
14.7403249355
20.2415124388
31.7758332224
22.779474587
19.8865243572
18.1330384693
18.3893345826
18.1802785748
16.5793801331
19.2281436943
16.0159685939
15.8758293935
15.5778338445
14.5210498898
13.9696743299
14.9685084185
13.5456541082
14.4599973287
13.8084079687
13.2678787077
12.9671768611
0.0
0.410480599405
0.491384913571
0.590872945983
1.01007373981
1.23586843216
1.37141343807
1.50508639105
1.86213609085
1.93822302185
2.37029762515
2.72475245398
2.73611785116
2.91311615375
3.2272380873
3.09029939852
3.36277574097
3.86223021939
4.0543029662
4.31377804656
4.31629420877
5.87723437254
6.36831208807
6.75574121158
8.06152026576
8.53266270454
8.44741199863
8.91183350989
9.61947232148
9.13381324544
10.395
12.3145603711
14.7635507015
15.5603372304
14.6508540709
17.0466916884
20.0151545628
19.6096233851
18.8529605921
18.5074252078
17.2234218077
15.8632818551
17.9847052112
16.4473037304
14.5954045489
15.5778338445
14.8628965095
14.4828768445
15.1063964183
14.6414299138
13.3961828113
13.6886126422
13.1060753089
13.3767528832
0.0
0.477148791995
0.436243708781
0.605003654168
0.939619701333
1.23586843216
1.45712677795
1.50021161732
1.82038416056
2.08683576364
2.15150092129
2.71521200421
2.81928252749
2.80513964767
3.28046090433
3.13688682664
3.14777860343
3.73651038636
3.77000733137
4.34307918046
4.5762295177
5.48302962804
6.9639365716
8.04124662431
8.84245462047
10.3287903169
11.0864063023
10.9729503787
12.1546187605
11.5239246733
12.36
14.8124950344
14.668165234
15.5603372304
15.8754865295
16.0773475109
30.3649861334
21.7266934642
18.8292661002
18.8529605921
16.9853682606
17.7453436806
17.0499590016
17.7763077
16.3624509167
15.7967020154
14.2906513296
15.227037474
15.0262677422
13.8730648649
15.0455458138
13.3410220586
12.3548913404
13.2678787077
12.3036637052
0.0
0.438928021898
0.416699990628
0.601340137231
1.04355684721
1.12866686858
1.45190035479
1.65254829657
1.67703586657
2.03834107947
2.17754814794
2.70567155444
2.89828897
2.97160342788
3.19578824087
3.21712073062
3.13124036208
3.82422189777
4.09447517547
4.03378943372
4.62411233776
6.32519430947
6.11732567048
10.4872234887
11.5472532969
12.1545012077
14.3566550573
14.8681888665
15.7132132064
16.2265779896
14.86
17.2383243672
16.8620309879
13.5397264105
15.8754865295
18.6469699458
21.2366811653
23.1488714722
18.4579670695
18.8529605921
15.9487949948
18.1802785748
16.5793801331
17.7763077
16.7160043072
15.6384472594
13.7787037385
15.227037474
14.95834388
14.1794826421
15.2553752234
13.6247059299
13.3611720831
13.2112475181
12.1234502555
0.0
0.37557578653
0.420538935265
0.589302867296
1.04355684721
1.21059326676
1.40799840022
1.59892578548
1.6672937495
2.05242018133
2.14455499419
2.77436279277
2.75482990334
2.98959951223
3.19578824087
3.30770739641
3.07611289092
3.80960331254
4.08211449569
3.88728376422
4.6377931435
5.74105455172
6.58558391225
13.1754536527
11.0510345924
14.6859845955
15.2333973509
15.658132336
16.3141368068
16.8471343036
15.06
17.6297533042
17.2276752802
13.6976717306
15.9761412522
18.1250153887
19.2499670126
28.9853422583
18.9551301784
19.7592911218
19.3668625358
17.2234218077
16.8589994607
18.4223399846
15.2947196771
15.9621501695
14.2906513296
15.3682349909
14.7470251976
15.1063964183
15.4030329561
15.0510053939
12.402809471
13.1060753089
13.1228157495
0.0
0.511879080806
0.465559286011
0.564704967861
1.0247225993
1.1513273617
1.44667393162
1.59405101174
1.80229165743
2.06649928318
2.34772336206
2.50341401934
2.89828897
2.94235979082
3.2272380873
3.29735463461
3.2222006895
3.47045213506
4.00177007716
3.98495421056
4.5762295177
5.78405870566
7.05758821996
12.796444458
13.8168437653
13.0800352009
15.1194208528
15.658132336
16.1920742005
16.7210838023
16.615
15.724112427
16.9839124187
14.356684963
15.8754865295
16.283835028
23.8464476855
31.1340008072
21.0633534884
16.5453530733
18.7436064583
16.3535520194
16.7635196903
19.2281436943
16.8079281888
16.1275983236
15.5046984743
13.7556107196
14.7470251976
15.1063964183
14.6414299138
14.5860790493
13.0417178791
12.1918861052
13.1228157495
0.0
0.563363679796
0.468700240715
0.571508642173
1.02890798773
1.20623547963
1.3275114835
1.63670528193
1.83151800863
1.98046032741
2.32341261718
2.47860884994
2.57602584923
2.97160342788
2.90548196615
3.30770739641
3.42617233281
3.66634117722
4.00177007716
4.24215305258
4.2889325973
5.74105455172
6.78412540676
12.0931284267
14.0283468197
12.9912853659
13.5675869931
15.658132336
14.6287338964
16.1102236808
16.985
16.8674969533
16.9839124187
16.5134555417
14.1419885288
16.599302068
21.2366811653
29.8718947828
23.4736505862
17.6830871425
18.986348299
18.1802785748
15.5291026586
17.1719549177
16.6311514935
15.7175746374
15.6582827517
13.8819453399
13.6677904978
14.8995644187
13.8331981139
14.5860790493
13.5768036708
12.8552800406
13.0654751064
0.0
0.451842802661
0.454740442034
0.587732788608
0.968917420306
1.24894179357
1.35364359932
1.50508639105
1.83847666368
1.92570826465
2.24179797368
2.57973761749
2.55939291397
2.91311615375
3.14256542384
3.12912225529
3.56950375783
3.82422189777
3.79163852098
4.35610190664
4.30261340304
5.92382220598
6.58558391225
11.8469678158
13.9225952925
14.3563423513
13.8525282385
15.4220572762
15.8305810971
15.1066677669
17.115
16.9911060913
16.2897181825
16.4045277347
14.3097463998
15.211247092
21.7480543348
24.1339298328
22.2087166001
18.6022734243
18.0481838875
17.7453436806
15.5291026586
16.0743946924
17.5786745803
14.875947071
15.1243945495
15.2939205083
13.7281672643
14.8995644187
15.1154889503
13.8532290484
13.4170765688
13.3164197274
12.3937704301
0.0
0.37557578653
0.43519672388
0.605003654168
1.01774695193
1.23586843216
1.45712677795
1.49168076328
1.8259510846
2.06649928318
2.27826409099
2.47097649013
2.7194849159
2.7601494368
3.13288854802
3.15759235025
3.3407247525
3.86223021939
4.04194228642
4.24215305258
4.6377931435
5.30384565327
6.72793441775
12.6128008276
12.5884991032
14.4662230994
14.7818750697
14.1463439719
16.5676514507
14.9030477264
16.985
17.7636632036
17.1057938494
16.2955999276
15.4784595681
15.0277026324
18.973707944
25.6484570621
24.0589185498
20.6013428905
18.1597139225
18.1802785748
16.9544792312
15.1018729738
16.2775981029
15.9621501695
13.7787037385
15.0784085089
14.95834388
13.696874643
15.1854320869
13.4513435641
13.5768036708
13.6400265252
12.7214312478
0.0
0.543816984586
0.420538935265
0.590872945983
1.04774223564
1.24458400644
1.46130791648
1.54286588751
1.70347875575
2.04616280273
2.08030516845
2.52058682892
2.7465134357
2.89512006941
3.16433839444
3.38535310994
3.25252079864
3.77451870797
4.08211449569
4.28447691266
4.6685749564
5.62996048736
6.81409393424
12.6128008276
12.5030844082
14.3563423513
15.1194208528
15.7761698659
16.0700115942
16.595033301
15.475
18.1756936636
17.6092171505
15.86533509
15.0087375292
15.211247092
18.1919535585
20.3144622231
18.4865716546
19.1109995145
16.2665650406
17.35003828
16.4217238777
17.0907709013
15.7967020154
15.4242495671
14.000848512
14.95834388
14.5012213082
14.4471434235
15.0510053939
13.2014449811
12.1918861052
12.9671768611
0.0
0.555335572834
0.459277376605
0.566275046549
1.0358836351
1.25765736785
1.31914920644
1.63061181476
1.84404358772
1.98671770601
2.24874390079
2.34885873309
2.52820616034
2.91311615375
2.96838165901
3.4189995858
3.56950375783
3.59909568514
4.08211449569
4.31377804656
4.25131038154
5.99549579589
6.9639365716
12.0110748898
13.5158586494
13.2617610534
13.2037389413
15.658132336
13.952694846
16.7210838023
16.985
16.3885115436
17.7363977739
16.1866721206
14.2258674643
15.8765957582
19.108898552
33.2262074282
32.5069258972
24.260301075
17.4645393552
19.3668625358
16.1728867557
17.247738526
17.0747027459
17.1897658506
15.5593198813
15.8996294732
14.0677315463
14.5432536109
14.8995644187
15.3253183599
14.2078338875
12.7382363853
12.661115962
12.9180277384
0.0
0.433866824031
0.473237175286
0.549527540551
1.03239581141
1.26201515499
1.34110018372
1.60380055921
1.83151800863
1.94448040045
2.2852100181
2.29161603447
2.54483909561
2.95135783299
2.96112400214
3.36205939588
3.64116947034
3.5347739101
4.06666364597
4.34307918046
4.31629420877
5.74105455172
6.90399951666
10.4872234887
13.4182418551
12.9025355309
13.4755290523
15.658132336
14.7320176402
16.1102236808
16.735
16.0485864142
16.6288665116
15.974262897
14.1419885288
15.6815797698
16.4756206218
34.3846933969
26.2174874911
17.6830871425
19.3668625358
17.7453436806
15.4472628554
16.977450574
18.2009285477
15.4801925033
15.8996294732
13.6961591335
13.7281672643
14.5625048637
13.7166262197
15.0510053939
13.9202169401
12.2404271249
12.6231330025
0.0
0.483082610184
0.491384913571
0.596106541607
0.965429596619
1.25329958071
1.36200587638
1.49533684358
1.83847666368
2.04616280273
2.24874390079
2.52058682892
2.5677093816
2.97160342788
3.19578824087
3.17570968341
3.5915547463
3.86223021939
3.80399920076
4.37238031436
4.22394877007
5.69446671827
7.56330712107
12.0110748898
13.1294588385
14.1450332205
13.3834711115
14.9771465864
15.6005400314
14.6024657618
16.025
17.4958434047
16.0671520916
16.9709523311
14.9192666646
14.8498939371
18.5740139724
24.2050002312
27.347682734
24.260301075
19.3607628038
16.7885505519
17.8524045777
16.1224412319
16.789892814
18.0948625306
14.3220554247
15.8996294732
13.5178043754
14.6791013353
14.8995644187
13.8953697909
15.5395720611
13.6327081565
12.1514352555
13.2702631175
0.0
0.495473818754
0.466955265879
0.567845125236
0.952175866607
1.26201515499
1.36723229954
1.63061181476
1.83847666368
2.06649928318
2.24179797368
2.52058682892
2.55939291397
2.98959951223
3.13288854802
3.23523806378
3.64116947034
3.83591676596
3.82872056031
4.34307918046
4.34365582024
5.56545425644
7.52959252766
11.3819977729
13.3206250607
13.7393196892
13.1160647119
15.1950620263
15.0465635873
15.1066677669
16.735
17.6297533042
15.8551843859
17.9676417651
16.4011278588
17.8726417567
19.6731723942
20.4436563365
23.3397265296
23.4736505862
19.1036477599
20.7314653161
18.1802785748
15.0517038066
16.789892814
18.3069945649
14.6673385289
15.5778338445
14.000848512
14.8149490598
14.7003928635
14.7113730504
15.3268091577
14.2157120788
12.2404271249
13.2211139948
0.0
0.399485583349
0.494874863241
0.586162709921
0.989146797692
1.25765736785
1.38082099977
1.65254829657
1.8259510846
2.05867755993
2.29389242698
2.52058682892
2.50533587435
2.98959951223
3.23691496312
3.39570587175
3.62738760255
3.80960331254
3.82872056031
4.30075532038
4.31629420877
6.54738243819
8.85569986835
10.6825890529
13.5158586494
14.1450332205
12.6864609881
15.3085596512
15.7132132064
16.1102236808
16.735
17.367083886
16.5122842735
18.5013880195
16.4011278588
18.5150473654
18.5740139724
18.4997938117
21.5604648659
24.8770350582
20.4535017402
20.5871323297
17.8524045777
16.0406014287
16.1577536969
18.6393347521
14.955074449
15.6582827517
14.1271831323
14.882872922
14.8995644187
14.5792582369
15.184967222
13.1455404954
12.1028942358
12.9671768611
0.0
0.53282196853
0.486498984033
0.596106541607
0.982171150317
1.28031786096
1.35782473785
1.65864176374
1.83847666368
2.06649928318
2.27131816388
2.59691042707
2.59889613522
3.06158384962
3.2054651167
3.48629253753
3.73764254488
3.75112897159
3.84108124008
4.46028371606
4.56254871196
7.13510587545
8.35372703317
12.0110748898
13.0359094106
13.642117489
13.0283904826
15.1950620263
15.6005400314
15.8775150631
17.245
17.8975731031
15.8551843859
18.0983551335
16.8428902525
18.6469699458
17.8216488495
18.0063054927
23.3397265296
25.7580836057
21.2055632436
20.7314653161
18.1802785748
16.9544792312
16.6995872258
18.7524718371
14.5954045489
15.2779788268
14.000848512
14.6791013353
14.9685084185
15.1154889503
15.3268091577
13.0417178791
12.2889681446
13.0163259838
0.0
0.486224043343
0.516512551197
0.61390076673
1.04355684721
1.35352868487
1.50834572495
1.74029422383
1.88162032498
2.17287471941
2.8131004782
3.15407269357
3.13322918062
3.67345071744
3.98203440157
4.27827881554
4.50115802049
4.55807487663
4.78049290298
5.44675522407
5.74593840787
9.98413107433
11.5154066816
12.4330645085
13.6134754437
14.1450332205
13.2037389413
14.8681888665
15.7132132064
15.8775150631
17.245
16.9911060913
16.401001228
17.4556810722
16.4011278588
18.1250153887
18.0685186555
18.4997938117
22.5947761445
25.7580836057
21.5141012962
19.891709759
18.521535184
17.247738526
16.6092816377
17.8827304962
14.0558996986
15.5778338445
13.7556107196
14.8149490598
14.8995644187
14.5792582369
15.1219263617
13.5768036708
12.2889681446
13.2702631175
0.0
0.428980150228
0.593291443943
0.621227800604
1.0916888141
1.59930787942
1.85328965374
2.03887411517
2.15300787185
2.65938590568
4.71802098721
5.48766670703
5.51381804049
6.38636043282
6.95767371745
7.25469783422
7.9273303533
7.30929261807
8.24457340992
9.54891397023
9.17982064686
11.6505420397
12.006141319
12.5229326681
13.6134754437
14.0436048376
13.2037389413
15.4220572762
15.2625205062
16.2265779896
17.245
16.3885115436
16.0671520916
18.229068502
16.4011278588
18.3831247851
17.3514206477
17.1938552115
22.2438491035
25.7580836057
20.3120884661
21.9582957003
18.0665263717
17.0499590016
16.6995872258
18.6393347521
13.8616779525
15.4242495671
13.941396926
15.0941916045
14.3097101975
14.6414299138
15.3268091577
13.6886126422
12.1028942358
13.3276037606
0.0
0.515195038029
0.766392947587
0.610237249793
1.291192329
1.61325279826
1.86896892323
2.21680335654
2.25460423555
2.7376031382
5.23028311133
6.20320043969
6.05646755352
7.05896408531
7.43667907073
7.53939878384
8.47309231781
8.14547569358
8.50105751525
10.2879536808
9.70995186902
11.6505420397
12.2683659344
11.534382913
13.6134754437
13.5449152888
12.6075541817
15.1950620263
15.7132132064
14.8012377061
17.375
16.1618947907
16.6288665116
17.3304140942
16.0823879038
18.5150473654
17.3514206477
16.6582398408
21.3942362676
26.4503360358
20.4535017402
21.6433873664
18.6419786932
17.554637788
16.0743946924
17.5786745803
14.3220554247
15.2779788268
14.0677315463
14.95834388
14.8995644187
13.8953697909
15.0510053939
14.782743291
12.1514352555
13.1228157495
0.0
0.419555850752
0.711600737764
0.632741710977
1.12586948623
1.58536296058
1.71426679759
2.03887411517
2.67073180742
2.97381918041
5.16082384026
6.38637707525
6.26230012743
7.64158731606
7.86488082595
7.84739344751
8.96097043761
8.30043269708
9.00166504614
10.5842207014
9.83649932205
11.8225586555
12.178460352
12.0931284267
13.1294588385
14.0436048376
13.2037389413
14.6548133316
15.3751936812
14.6994276859
17.245
16.0485864142
16.0671520916
18.229068502
15.6741770843
18.1250153887
17.704091799
16.351314179
20.9140203168
26.2174874911
24.7794623534
21.9582957003
18.2940307779
15.8632818551
16.4217238777
17.1897658506
14.955074449
15.819180566
13.8819453399
14.7470251976
14.3709937529
13.8953697909
15.0510053939
13.6886126422
11.9734515167
13.3276037606
0.0
0.559349626315
0.657506517875
0.610237249793
1.10843036779
1.49995033269
1.71426679759
2.28626888228
2.96438705045
3.45250864344
4.4957513198
5.82539862885
5.7196506144
7.31315877672
7.80923878996
7.44363573715
8.96097043761
8.68928706436
8.82861552929
10.7404934155
10.5855234359
11.9085669634
12.2683659344
11.3819977729
13.6134754437
13.5449152888
13.3834711115
15.1950620263
15.2625205062
15.1066677669
16.615
16.5069703009
15.2404780393
17.5809480503
16.2892892781
18.1250153887
17.3514206477
15.6772813531
20.6061895791
25.9846389464
21.8354951011
20.4427993433
18.1802785748
16.3065807891
16.1577536969
17.3806846816
14.0558996986
15.5778338445
14.000848512
14.95834388
14.7616764189
13.7787978966
15.184967222
14.5271799278
11.8844596474
13.3276037606
0.0
0.486224043343
0.857829628947
0.640592104414
1.08750342567
1.44068442762
1.56374581048
1.88531874248
3.0882511103
3.58078490477
4.15192792802
5.06025455739
4.83602592842
6.26713637402
7.23830311634
7.44363573715
8.64950022554
8.7477614053
9.06346844502
10.5842207014
10.5855234359
11.4032681545
12.178460352
11.534382913
13.5158586494
14.1450332205
13.2037389413
14.4459777017
15.9479489878
14.6994276859
17.245
16.2752031672
15.4365481671
18.229068502
15.7748318069
17.8726417567
17.9450837525
16.453622733
21.8929220626
25.0910039912
20.6013428905
21.3284790325
18.2940307779
15.2085634294
16.4217238777
17.9887965134
13.9911591166
15.5046984743
13.6961591335
15.0262677422
14.8306204188
13.9575414678
15.3268091577
13.6327081565
12.1028942358
12.9180277384
0.0
0.436310160932
0.583868579833
0.617564283667
1.15307451099
1.42325327907
1.50834572495
1.76466809251
3.22046555622
3.34926189651
4.29258295193
4.56224307945
4.73414919992
6.22664518424
7.43667907073
7.12011193077
9.0932763684
8.57526209952
9.90399466972
10.2163286869
11.0404102266
11.8225586555
11.7551549014
11.6125291387
13.6134754437
13.9421764548
12.4453568573
14.9771465864
15.7132132064
14.0303904099
17.375
16.2752031672
17.7363977739
17.5809480503
17.7935181884
18.1250153887
18.0685186555
16.0564248177
21.5604648659
24.8770350582
20.0292619178
20.5871323297
17.7453436806
16.2111010187
16.4217238777
17.7837355468
17.098707054
15.6582827517
15.4499809217
14.8149490598
15.1830008626
14.1362850389
15.184967222
13.1455404954
12.1918861052
12.9671768611
0.0
0.508388599518
0.691708024644
0.617564283667
1.17609414733
1.43458352563
1.53029670224
2.0973714
2.96438705045
3.52446849736
4.3168936968
4.46302240186
4.99819704726
5.65751901675
6.86816261607
7.03211345544
8.96097043761
8.30043269708
9.90399466972
10.5842207014
11.1190748595
11.4032681545
12.0923008355
11.7688215901
13.2230082664
14.3563423513
14.5670732078
15.1950620263
15.7132132064
13.8510108504
17.245
15.9404284185
17.6092171505
17.9676417651
18.1793612918
17.7521907051
16.9047038559
16.351314179
21.8929220626
24.6693593292
20.0292619178
19.7604979532
17.7453436806
15.6109424618
15.7340120909
18.3069945649
15.1708763891
15.8996294732
15.0040940264
14.95834388
15.1063964183
15.4030329561
15.6183731365
13.8084079687
11.8440087976
12.7214312478
0.0
0.44660708073
0.770231892224
0.622797879291
1.18586005365
1.39623499882
1.53029670224
1.89263090308
3.10356015141
3.40088526997
4.15192792802
4.61185341825
4.86305444823
5.89371762381
6.73994401141
7.16411116844
9.02712340301
8.19517888338
9.97506857842
10.2163286869
11.2832445283
11.0914880384
12.178460352
11.3077588585
12.0882130322
14.1450332205
14.7818750697
15.0861043063
14.835301384
14.6024657618
16.735
15.6159544313
18.1391364147
18.7846003177
17.4244508721
16.599302068
17.5865347486
19.0173547316
30.4875562581
25.5315282649
20.8970251909
20.1672545512
17.0226826258
15.0517038066
16.0743946924
17.4796796309
15.4801925033
15.7387316588
15.2939205083
14.95834388
14.8995644187
14.8434878638
14.846122598
13.4649946994
13.4215919367
12.7214312478
0.0
0.486224043343
0.618768076535
0.608143811543
1.15307451099
1.44591377218
1.49789287863
2.21680335654
3.01031417377
3.45250864344
4.29258295193
4.5355298201
4.78612712262
5.68901216436
6.33835366471
6.62317936417
8.71014044382
8.57526209952
10.0461424871
10.4344593504
10.3700507456
11.6505420397
12.8227836926
11.0928567378
13.6134754437
14.1450332205
14.2514459821
15.1950620263
14.5301448682
14.6024657618
16.375
15.3069315863
17.7363977739
16.9709523311
15.1932711873
16.283835028
17.1221843993
21.238052167
27.1866408934
18.8529605921
19.3668625358
17.1230522167
15.9519416419
16.0743946924
19.4525075504
15.7967020154
16.2287386389
15.3682349909
14.95834388
14.8995644187
14.1362850389
13.5616650696
12.8420590016
12.0624433861
12.6722821252
0.0
0.555335572834
0.743359279763
0.65262937435
1.10005959094
1.36921671857
1.57001751828
2.34842224742
3.16897150886
3.34926189651
3.73690878339
4.41532015301
4.23931937577
5.178373271
6.4157686713
6.58435650741
8.58886000726
9.23894586924
9.18398507282
10.5842207014
11.0404102266
11.016230769
12.2683659344
11.7688215901
11.9295857414
14.1450332205
12.4453568573
14.7592311465
15.7132132064
14.6994276859
16.735
17.2383243672
15.9611682387
15.4623022041
15.2883339809
14.3394109088
16.9047038559
22.8148075277
36.9212186753
23.2848544688
22.1697446581
17.9366538526
17.4308522956
16.8589994607
14.8726357115
19.3322993976
15.6384472594
14.7660312357
15.2939205083
13.7885440307
15.1063964183
14.8434878638
13.8532290484
12.8899771322
13.0089932695
11.7384487947
0.0
0.397391294577
0.736030385456
0.673563756847
1.0358836351
1.19839146278
1.57524394144
2.05471712981
3.18567228098
3.58078490477
3.62751043146
4.14818755949
4.54287044437
4.43603479166
5.59807266418
6.1883633684
7.30990267627
9.50500412054
9.00166504614
9.61077191958
10.5855234359
11.6505420397
12.3582715168
12.6128008276
12.1695603608
14.1450332205
14.672282283
13.1384850625
15.7132132064
16.2265779896
15.16
16.3885115436
15.54253202
14.9830198533
15.0982083937
13.9436431677
16.3756971289
32.1248859359
31.8050718153
27.4383690498
19.7592911218
16.6901416975
17.6382827836
16.4839003627
14.5808791959
18.8656089221
14.875947071
16.2287386389
15.5986098868
13.7885440307
15.1830008626
14.6414299138
13.5065043168
13.6327081565
13.3164197274
12.3036637052
0.0
0.465630203747
0.581425615064
0.658386329536
1.0358836351
1.25329958071
1.51357214812
2.34842224742
3.13556996463
3.56201276897
3.59104431415
4.08522059101
4.38485755935
4.67673241981
5.12874418671
5.83119308616
6.08331644288
9.11030231916
8.82861552929
10.2163286869
11.1190748595
11.4856927829
12.4481770992
13.0777708705
11.9295857414
13.4477130886
14.8914678564
14.7592311465
15.7132132064
16.3477803947
14.38
17.2383243672
15.749200533
16.0777443136
15.0087375292
15.1194748622
17.4689776981
31.089764096
36.9212186753
22.0388000946
19.7592911218
16.2177791966
18.1802785748
16.1224412319
15.991035688
19.091883092
16.5592022038
14.5612521992
15.2939205083
14.95834388
15.4664373066
14.1984567158
14.6491199095
11.9475872303
13.5348543159
11.8203639991
0.0
0.477148791995
0.721721591808
0.65262937435
1.10424497937
1.19403367564
1.5355231254
2.32770445904
3.13556996463
3.54324063316
3.57367949639
3.74558057924
4.34327522118
4.31681073286
5.02955620952
5.40672985219
6.44715775256
8.86471008719
9.62896954472
9.42194238999
11.1190748595
11.7365503476
11.9199818025
12.9839953997
12.7633958597
12.6447383913
13.9489698908
13.6741938522
15.0465635873
16.4689827998
16.495
17.2383243672
16.8620309879
13.7739211955
15.5791142907
15.211247092
17.1221843993
31.7758332224
23.2848544688
20.6013428905
17.9366538526
16.0858997769
17.247738526
16.0743946924
19.3322993976
16.2930464777
14.912301976
13.941396926
14.95834388
13.9343484203
14.6414299138
14.1526731348
12.7382363853
13.5348543159
12.6722821252
0.0
0.518685519316
0.732540435785
0.654199453037
1.06308865986
1.08944678435
1.46130791648
2.20705380907
2.7973793293
3.54324063316
3.68134136654
3.76275338883
4.36406639026
4.72172263068
4.66183492821
5.40672985219
6.37824841361
8.40861022783
9.90399466972
9.54891397023
10.0314508037
11.4856927829
11.2831505937
13.0777708705
13.4182418551
13.2617610534
14.2514459821
15.1950620263
13.7696009365
16.7210838023
16.255
17.1147152293
16.6288665116
14.7978425814
13.370302322
15.0277026324
16.793024658
23.0960583515
18.8529605921
18.8682576738
17.5312218866
15.6996022486
15.6506530864
18.4201316499
14.5954045489
15.8996294732
15.4499809217
14.34702912
15.1830008626
14.3228000697
13.5065043168
13.2014449811
12.2404271249
12.5330262776
0.0
0.410480599405
0.678795210864
0.675657195096
0.906136593936
1.17834564195
1.41740596191
2.4373868681
3.16897150886
3.21942129053
3.47296355334
3.87151451619
4.26011054486
4.8162020735
5.05374839908
4.98744299913
6.30933907465
8.57526209952
8.29401612902
10.7404934155
11.1190748595
10.5109319602
12.0923008355
11.2374272554
11.9295857414
13.7393196892
14.1506206184
14.6548133316
15.2625205062
14.0303904099
16.615
16.7438878153
14.8536369765
14.2695427174
13.6666745608
13.0603354557
16.6872233126
32.4859749497
23.2848544688
18.0173366995
19.3668625358
17.7453436806
15.8632818551
16.0743946924
17.6776695297
14.5954045489
15.7387316588
14.8628965095
13.8489207971
15.1830008626
14.6414299138
14.7200408774
13.1455404954
12.515492903
12.6231330025
0.0
0.551496043418
0.634821845018
0.656292891287
1.05123005932
1.16614383796
1.55224767952
2.05471712981
3.07155033819
3.21942129053
3.81331398157
3.98599991342
4.3224840521
4.72172263068
4.97875261144
4.89944452379
6.11639292558
8.35305960393
9.12218167395
10.007965068
10.3700507456
9.6185957658
11.6727414508
10.8857692397
12.8528779212
12.9025355309
13.4755290523
14.3460997918
14.9385851278
14.2194661618
16.255
16.7438878153
14.3078201343
14.5309694542
14.3097463998
12.039369399
18.973707944
30.7587658333
24.0589185498
20.7491840407
18.7436064583
17.7453436806
17.35003828
15.4908816612
17.1897658506
14.5954045489
15.2048434567
15.0784085089
14.4828768445
15.1830008626
14.51708656
13.5616650696
12.9378952628
13.4215919367
12.6722821252
0.0
0.483082610184
0.520351495834
0.691357981969
0.972405243993
1.16614383796
1.34528132225
2.23630245148
3.15227073675
3.45250864344
3.69870618431
4.06423160152
3.98982534679
4.43603479166
4.97875261144
5.0573241413
6.9322794988
8.30043269708
8.39599173717
9.74099918136
9.17982064686
9.50391802194
11.5154066816
11.9290213528
12.0882130322
12.9025355309
12.4453568573
14.0510059669
14.6287338964
14.2194661618
16.255
15.724112427
14.8536369765
15.1736435155
12.4700017474
12.2171780943
16.2698957835
24.4156354893
29.5702206599
23.4736505862
17.9080628059
18.986348299
17.7453436806
14.8266443478
17.1719549177
18.4201316499
14.3867960068
15.351114197
14.000848512
13.433830528
15.1063964183
13.4912538909
15.0510053939
13.5768036708
12.3294189943
12.7214312478
0.0
0.433866824031
0.561183906976
0.673563756847
0.972405243993
1.13215309829
1.39440969999
2.29601842975
3.13556996463
3.56201276897
3.69870618431
4.12719856999
3.91705625501
4.76896235209
5.47953093533
5.9243679424
7.39810663013
8.30043269708
8.00044998437
9.30148217284
8.90962473363
10.7223690504
10.4365396926
11.3819977729
12.2509076894
12.9025355309
13.4755290523
12.6481753227
15.0465635873
14.6994276859
14.76
15.724112427
16.2897181825
13.8556170508
14.4775042709
13.4159528463
15.9701253048
31.426780509
29.5702206599
19.8865243572
19.4893203257
16.8869594062
17.8524045777
15.7814420518
16.6092816377
18.3069945649
15.7967020154
13.7201954424
14.9372109921
14.882872922
15.3208888624
14.8434878638
14.2708747478
11.444446859
13.2112475181
11.2961066907
0.0
0.529156963178
0.663439432315
0.654199453037
1.07145943671
1.15481359141
1.43203994677
2.63603389785
2.95046974035
3.43530085228
3.44170688136
3.72840776966
4.42851901442
4.41578919677
6.26335787708
6.74223612492
7.01221433198
8.19517888338
8.82861552929
8.23361862622
10.096434631
10.4392583703
10.5676520003
11.6906753644
11.0510345924
11.698073485
13.2914131706
12.8887902876
14.835301384
15.3199839998
14.015
16.5069703009
16.7454487498
12.9460698623
13.5156924769
12.7907545306
15.9701253048
29.2000649233
24.3370981196
20.7612797007
19.2322052818
16.7885505519
17.0226826258
16.3952405759
16.5120294658
17.1897658506
15.5593198813
14.2906513296
13.6961591335
14.4828768445
13.2985315325
15.5429192291
14.5860790493
12.8420590016
13.373050917
12.7214312478
0.0
0.525666481891
0.68507712027
0.675657195096
1.0247225993
1.12169440916
1.50311930179
2.44957380244
2.87809972785
3.47128077924
3.77511138248
4.04515070198
4.34327522118
4.84094668948
6.26335787708
7.03211345544
7.7757298076
7.94373921732
8.82861552929
8.8456867566
8.60180660464
10.5109319602
9.5299917365
11.6125291387
11.6977458549
12.6447383913
13.4755290523
13.955667962
12.9151626922
15.3199839998
15.69
15.724112427
15.9611682387
12.9460698623
10.8763019725
14.1788095066
16.793024658
33.611369043
24.977386054
21.0633534884
18.8529605921
18.3893345826
15.9052345132
16.4839003627
17.0747027459
16.6311514935
15.8758293935
15.2779788268
14.000848512
14.5432536109
13.6355910875
15.6905769618
14.846122598
12.4507276016
12.9038210603
12.5330262776
0.0
0.414843701014
0.533962299548
0.675657195096
0.996122445066
1.08944678435
1.39859083852
2.62262827008
3.12026092352
3.47128077924
3.77511138248
3.89059541573
4.40772784534
4.93992515339
6.04804738999
6.54553365064
7.62964200901
8.35305960393
8.66174635233
8.8456867566
8.8549015107
10.4392583703
9.75850175848
11.6906753644
12.1695603608
12.9912853659
13.2037389413
13.955667962
13.1592879049
15.3199839998
15.16
15.8322704227
13.9686718052
11.6607217397
10.8763019725
12.9915062834
15.9701253048
35.2242333051
23.3397265296
21.0633534884
19.6243057237
18.7436064583
16.0858997769
14.6766047085
18.5334853238
15.7684812205
15.9621501695
15.351114197
14.5210498898
14.7470251976
15.1830008626
14.0119416851
14.4599973287
12.7382363853
13.1060753089
12.483877155
0.0
0.536486973882
0.61353315203
0.622797879291
1.05123005932
1.2942627798
1.74144419804
2.47272897769
3.02562321487
3.11461019895
3.5580511604
3.81617990753
4.12080971201
4.69922752524
5.7504834584
6.32553746231
7.82534453164
7.48179192385
8.66174635233
9.30148217284
9.23454386979
10.5790218706
11.0583866376
10.8857692397
12.5030844082
12.5602147389
13.0283904826
14.3460997918
13.586507027
13.5067960201
15.37
13.3343357594
14.668165234
12.6029472702
12.8726206379
15.779087764
23.0411818899
27.0952615291
18.9551301784
18.8529605921
18.7436064583
16.728265159
15.6109424618
17.7763077
15.1391561852
15.1708763891
15.351114197
15.227037474
14.8149490598
14.3709937529
14.8434878638
15.3268091577
12.1712051731
12.4265010336
12.8688786158
0.0
0.551496043418
0.608298227525
0.622797879291
0.985658974004
1.3038499115
1.76966688312
2.64943952563
2.7834620192
2.97381918041
3.47296355334
3.53187450442
4.19773703761
4.96466976937
6.57301790344
7.21069859656
7.9273303533
7.56950343527
9.06346844502
9.61077191958
10.3700507456
10.7223690504
10.5676520003
10.9521935316
12.5030844082
11.698073485
13.5675869931
14.5503955167
14.1404834711
15.3199839998
14.76
14.081140968
15.0444079116
13.8556170508
13.9015355803
15.8765957582
22.1007254862
21.3942362676
20.7612797007
16.6417712148
18.2778045477
17.6382827836
15.7814420518
19.2281436943
14.9128820152
13.8616779525
14.7660312357
13.6961591335
14.0979749586
14.5012213082
14.074113362
14.6491199095
13.7445171279
11.5527626797
13.1228157495
0.0
0.515195038029
0.708110788094
0.617564283667
0.900556076037
1.31866638777
1.72053850539
2.55803751807
2.87809972785
2.92219580695
3.44170688136
3.78183428836
3.84844539704
4.67673241981
6.73994401141
6.86388107612
8.02931617495
7.94373921732
8.19513069082
9.74099918136
9.46711756725
11.9945752713
12.3582715168
11.9290213528
13.5158586494
14.5761038474
12.9407162532
15.5400948061
16.1920742005
15.6496545416
16.495
15.5129468163
15.1397933791
14.6181116998
13.9015355803
19.1976033247
26.1094209068
32.1248859359
22.5947761445
19.8865243572
16.8410353738
17.5036548935
17.5312218866
16.3065807891
18.6446306631
14.6229682349
14.3220554247
15.4242495671
13.2279778935
14.4828768445
14.2407661976
13.3202817794
13.9714306614
13.9761214258
11.933000667
12.9671768611
0.0
0.405942973731
0.634821845018
0.621227800604
0.848238720729
1.49995033269
2.10102211168
2.49710284637
2.82382221848
2.96130442321
3.4087137276
3.67688934091
3.70082809656
4.89043592144
7.1415343581
7.30128526234
9.22558229919
8.80623574625
9.2457884717
10.8967661297
9.64838824322
12.5500455931
12.8227836926
12.1751819637
13.7151596045
14.5761038474
13.6596449339
15.7761698659
16.4408941288
14.6994276859
16.615
15.5129468163
13.8838847229
14.2695427174
13.5156924769
17.2761222629
26.1094209068
34.3997467234
21.234164284
19.8865243572
16.1661083836
18.3893345826
16.5409085892
15.8632818551
18.5334853238
14.6229682349
14.1206402806
14.912301976
13.6367075475
14.4149529823
13.7581581984
12.6441647929
14.2078338875
13.7445171279
11.9734515167
12.7705803705
0.0
0.571566310821
0.618768076535
0.622797879291
0.86149245074
1.54527131892
1.82924810718
2.52025802162
2.92124338915
2.80956299212
3.36182871963
3.71123496007
3.6093469526
4.86569130546
7.43667907073
7.59116259286
9.50673240213
8.46123713468
9.2457884717
11.2288456472
11.707349506
12.0841672587
12.9201814069
12.0110748898
13.9225952925
14.6859845955
13.3834711115
15.1950620263
16.1920742005
15.2133258833
17.115
15.1060667371
14.3078201343
14.7978425814
15.0087375292
18.6469699458
29.5009724349
22.4162343166
20.0249748432
16.9438813913
18.5074252078
16.728265159
15.1335436098
18.4223399846
14.2764859122
15.4801925033
15.2048434567
13.6367075475
14.2866523536
14.3709937529
14.074113362
14.1526731348
13.5208991851
13.2678787077
13.1228157495
0.0
0.443989219764
0.736030385456
0.656292891287
0.880326698651
1.15481359141
2.03307861056
2.54585058373
2.77093644011
2.88308719069
3.44170688136
3.74558057924
3.91705625501
4.93992515339
7.59150908392
7.49022316527
9.65282020071
9.04890426117
10.657996136
11.1441979271
11.5329192329
12.3601105798
12.9201814069
12.1751819637
13.5158586494
14.6859845955
15.0054443546
15.4220572762
16.3141368068
15.1066677669
17.245
14.8124950344
15.54253202
14.2695427174
16.2892892781
18.3831247851
34.4030708167
20.310672071
19.3453088209
18.248740239
16.4998845791
17.2234218077
17.247738526
18.7557760024
15.6906994745
14.6673385289
13.5958653131
15.0040940264
13.3206240909
13.8117813094
14.1362850389
14.0896322745
13.8643124544
13.2678787077
12.2135569803
0.0
0.36999101647
0.758715058312
0.677750633346
0.828009343343
1.21843728361
1.9609539709
2.37035872923
2.92124338915
3.23506473703
3.17255220597
3.71123496007
4.00645828206
4.52151619231
7.64473190095
8.17868182524
9.0932763684
9.71551174794
9.69695328349
9.80611281225
11.707349506
11.0914880384
12.9201814069
12.1751819637
14.1340983469
14.5761038474
13.4755290523
14.9771465864
16.3141368068
12.9347206682
16.615
16.7438878153
14.3979064092
15.2662321515
14.8297958
20.086646801
30.4337857208
18.1743267516
18.703402022
18.8529605921
16.6901416975
16.4472303043
16.7635196903
17.5679101889
15.2169379311
14.3867960068
15.2779788268
15.0040940264
12.8300628638
14.0569155312
14.1362850389
12.9706570044
12.9378952628
13.1060753089
12.4429195527
0.0
0.505072642295
0.603412297986
0.675657195096
0.908926852886
1.51912459609
1.86896892323
2.39229521104
2.90732607906
3.1286893008
3.42434206359
3.67688934091
4.06259443858
4.93992515339
7.80923878996
7.64033821143
9.50673240213
10.0839000959
10.4200530503
11.4013967691
11.707349506
11.0914880384
12.63173433
13.0777708705
13.8168437653
14.3563423513
14.8914678564
14.4459777017
16.6944087727
14.6024657618
17.375
16.7438878153
15.749200533
15.4623022041
16.6192130912
18.9222866352
34.3997467234
18.9254337515
19.3453088209
18.248740239
17.1887465596
15.998912798
19.0004743113
15.025460553
15.6906994745
15.3219377472
14.9854373462
14.1940661666
13.2074176539
14.1181990867
12.8928515006
13.7350274354
13.7445171279
13.0575342892
13.1228157495
0.0
0.403848684959
0.718231642137
0.662573206036
0.900556076037
1.39623499882
1.90137274684
2.33867269994
2.87809972785
2.89560194789
3.44170688136
3.64445181169
4.04388238641
5.2616051611
7.64473190095
7.49022316527
9.57839811464
10.1599167391
10.657996136
11.2288456472
10.7325920976
10.7940426403
12.9201814069
12.0110748898
13.9225952925
13.9421764548
15.0054443546
16.4026767556
15.7132132064
15.6496545416
17.245
17.4958434047
15.2404780393
15.4623022041
17.5474733109
20.7233166454
19.0547226613
19.2131515388
18.3644420087
17.2937160042
16.5409085892
18.5298954429
14.7962232908
15.1391561852
13.9911591166
14.7002094025
14.5879329241
14.0979749586
14.1794826421
13.5456541082
12.7657742084
13.5208991851
13.1627064985
13.0163259838
0.0
0.471214973807
0.563277876778
0.656292891287
0.823126390181
1.39013409683
2.05189373394
2.38132697014
2.90732607906
3.15841184916
3.10482941668
3.72840776966
4.04388238641
4.65198780383
6.91170855728
8.66267343958
9.43506668962
10.0839000959
10.9052097315
9.80611281225
11.7962747433
12.2669349129
10.9122900662
13.1754536527
14.0283468197
13.0800352009
15.0054443546
13.955667962
14.6287338964
16.595033301
16.615
17.1147152293
16.7454487498
13.6159758754
16.1830426264
20.5569794788
33.597805021
19.7319502842
19.2131515388
18.3644420087
17.7135937827
15.4836822311
19.0004743113
16.4217238777
13.3855313679
14.6673385289
15.0512591793
13.5772559615
14.34702912
12.969132422
13.8953697909
13.8532290484
13.4649946994
13.1060753089
13.3767528832
0.0
0.575754888366
0.60062033825
0.658386329536
0.900556076037
1.3038499115
1.77698387555
2.54585058373
2.65820622834
3.20534218867
3.4087137276
3.79900709795
4.10001854293
5.31784292469
6.65527134795
9.06384295949
9.50673240213
10.0078834527
10.7383405545
10.2879536808
10.301646717
12.3601105798
11.2831505937
13.2731364348
14.0283468197
14.6859845955
14.672282283
15.7761698659
14.6287338964
16.978032901
16.495
17.2383243672
16.178435137
14.5309694542
15.0982083937
22.8684925173
34.4030708167
28.33345129
19.8735524235
19.3453088209
16.5453530733
16.5917328432
17.2234218077
17.35003828
16.4217238777
14.9128820152
13.8616779525
15.2048434567
14.4541668555
12.8300628638
13.9343484203
14.1362850389
13.5065043168
13.5208991851
12.1028942358
12.0824926533
0.0
0.421824663589
0.766392947587
0.675657195096
0.835682555455
1.1861896588
1.97872380966
2.38132697014
2.83773952858
3.15841184916
3.22811962283
3.78183428836
3.74864778544
4.67673241981
7.64473190095
8.66267343958
9.22558229919
10.0839000959
9.69695328349
11.1441979271
11.3653293627
11.0914880384
12.63173433
12.9839953997
12.0068657036
14.1450332205
12.8574257353
14.0510059669
16.8258608102
15.5381483289
16.495
17.2383243672
14.4879926841
14.7052539454
15.9761412522
17.2761222629
22.5947761445
18.8292661002
18.8529605921
15.5092354453
16.9223130348
17.247738526
14.650345033
15.6906994745
14.875947071
13.9030338678
14.5879329241
13.2074176539
13.520684421
13.8953697909
13.4513435641
13.4170765688
13.0089932695
12.1234502555
0.0
0.364580770475
0.443223608122
0.79498317533
0.900556076037
1.47554672472
2.07175414196
2.32770445904
2.89340876896
3.14433274731
3.49032837111
3.67688934091
4.02517033423
5.20536739752
7.53828626689
7.95609744645
9.57839811464
10.0839000959
10.2686347231
10.6623570585
11.4474141971
10.7223690504
12.2683659344
12.5229326681
13.6134754437
14.1450332205
11.7658815798
13.4925976523
16.3141368068
15.4266421162
17.51
17.7636632036
17.1057938494
14.7052539454
15.8754865295
17.8726417567
30.3649861334
32.1248859359
21.234164284
20.459205913
17.4645393552
16.4014757248
19.1170614237
16.6680399199
16.4217238777
15.372501423
15.0270084291
14.7002094025
14.5879329241
13.2074176539
14.1794826421
13.5456541082
13.5616650696
13.5768036708
13.0575342892
11.9514283262
0.0
0.543816984586
0.708110788094
0.658386329536
0.871955921802
1.4180239345
2.05189373394
2.33867269994
3.02562321487
3.15841184916
3.4087137276
3.74558057924
3.90042331974
4.89043592144
7.33507187458
7.79562963849
9.50673240213
9.6453425388
9.69695328349
10.8967661297
10.9617455936
10.2385723185
12.8227836926
12.7026689872
13.0359094106
12.7292620436
14.2514459821
13.6741938522
16.1920742005
17.5161715795
15.475
17.7636632036
16.5122842735
12.8752667878
15.1932711873
19.1976033247
29.7243002084
22.5947761445
17.5328660946
18.6022734243
17.5036548935
17.4308522956
17.656937542
16.1577536969
14.2764859122
15.0989424091
13.7201954424
13.1165061697
14.0300510963
12.7623004224
13.8953697909
13.4513435641
12.4507276016
13.1060753089
13.1228157495
0.0
0.555335572834
0.688218074973
0.644255621351
0.917995194473
1.24894179357
1.93482185508
2.58363008019
2.90732607906
3.21942129053
3.6101456137
3.57957675326
4.29961376611
5.82398279696
7.64473190095
8.66267343958
9.50673240213
8.92610814519
9.90399466972
9.74099918136
11.1190748595
11.8225586555
12.8227836926
12.3471036603
13.2230082664
12.6447383913
14.8914678564
15.1950620263
14.835301384
17.6519182732
16.615
15.9404284185
16.401001228
13.0931224018
15.0087375292
18.1250153887
24.5464230212
19.477466103
16.4489349319
16.5917328432
17.3237913986
16.8589994607
15.8173710954
14.8421713371
15.0270084291
14.7660312357
13.2279778935
14.2187284914
14.1181990867
13.8953697909
14.2078338875
13.2014449811
13.1060753089
13.1228157495
0.0
0.387268898843
0.672513301457
0.658386329536
1.02890798773
1.40146434338
1.79893485284
2.46054204335
2.89340876896
2.87057243349
3.85325306243
4.39242307357
5.19779227044
6.86775568912
7.33507187458
7.84739344751
9.3634009771
8.80623574625
10.4973072989
10.5093400259
10.1648386596
12.0841672587
12.63173433
11.4601439986
13.2230082664
14.1450332205
13.5675869931
15.0861043063
14.7320176402
15.0048577466
13.755
15.5129468163
16.2897181825
15.2662321515
15.0982083937
18.6469699458
32.4516237791
21.8929220626
20.1697185331
15.8897097115
17.3986854488
20.2880399848
15.9519416419
16.4217238777
15.4502831689
13.7393901865
14.7660312357
14.5210498898
13.9696743299
13.1836248661
13.0560521525
12.6239322728
13.6327081565
11.933000667
13.1228157495
0.0
0.567377733276
0.79884947952
0.739507061713
1.08331803725
1.52522549808
2.00590121011
2.35939048832
2.59975352593
2.88308719069
4.60514967173
6.48178157294
6.01696433227
7.75856186432
8.09712584572
7.84739344751
9.22558229919
9.37051313636
9.30759187057
10.4344593504
10.9617455936
11.5681174113
12.5380826816
13.6834041197
12.3322550181
14.1450332205
13.2914131706
14.7592311465
16.1920742005
16.7210838023
17.375
16.9911060913
14.3078201343
14.7978425814
14.3936253353
18.3831247851
25.627437
22.4162343166
19.3453088209
17.6830871425
16.1259309326
18.7557308962
17.1522587556
16.0743946924
15.4502831689
14.5954045489
13.537357017
14.729130441
12.6791209477
13.5819679765
13.4912538909
13.7901881881
13.6886126422
12.806739021
11.9923859284
0.0
0.412574888177
0.984514801978
0.712292364466
1.1440061694
1.55137222091
2.11042967337
2.35939048832
2.61088737401
3.34926189651
4.71802098721
6.58100225054
6.90890548587
6.64055512423
8.28098648638
8.66267343958
9.0932763684
9.30326764428
9.62896954472
9.74099918136
11.2832445283
10.4392583703
12.178460352
13.4763166216
13.1294588385
14.1450332205
14.7818750697
13.4925976523
15.9479489878
16.7210838023
16.985
17.6297533042
15.54253202
13.3872274807
15.0087375292
15.1194748622
25.627437
20.0151545628
20.7612797007
17.4645393552
17.1887465596
18.521535184
16.6680399199
14.9490481323
15.6058466608
15.2500037672
14.4222949959
14.4541668555
12.9885518756
12.915509311
13.9575414678
12.7657742084
13.6327081565
13.1060753089
12.2135569803
0.0
0.336307872046
0.640405764491
0.6463490596
1.31421196534
1.58536296058
2.27244879144
2.32770445904
2.17805903003
3.1286893008
5.09310105097
6.53139191174
7.33720356896
6.6855453351
8.09712584572
8.66267343958
8.19194221488
9.57517332967
10.2686347231
10.0763343804
11.2832445283
10.5109319602
11.2831505937
13.3747265282
11.7709584506
14.4662230994
15.1194208528
13.7649919521
16.4408941288
16.7210838023
15.475
16.8674969533
16.401001228
13.8556170508
14.6508540709
14.8498939371
28.5193404412
20.1629133169
20.1697185331
17.9080628059
17.9366538526
17.1230522167
16.3065807891
14.650345033
15.0613744393
14.875947071
13.8445255717
14.4541668555
13.0489286421
12.6090915337
13.2658815621
12.8682156064
13.5768036708
13.1060753089
12.0333435306
0.0
0.529156963178
0.786285660707
0.664666644285
1.2856118111
1.79366518575
2.1208825197
2.62262827008
2.33810809613
3.31641065885
5.98912564773
5.9055384069
6.26230012743
7.70007459019
7.1415343581
8.23562201516
9.22558229919
9.37051313636
10.1203065658
10.6623570585
10.2332426883
12.2669349129
12.3582715168
12.7026689872
13.6134754437
12.9025355309
13.6596449339
15.658132336
14.5301448682
15.9938693719
16.985
16.2752031672
15.6432166802
14.7978425814
13.0068269347
17.2761222629
26.8676638823
22.9641730296
18.212532117
16.1661083836
20.3050269473
16.0858997769
16.8589994607
15.4908816612
14.4886179465
14.804013091
15.2048434567
13.2279778935
14.158351725
13.9343484203
13.8953697909
13.7901881881
12.5465638628
12.2889681446
13.1228157495
0.0
0.547656514002
0.862715558486
0.65262937435
1.26887025741
1.74311485495
2.1208825197
2.59581701453
2.35620059925
3.11461019895
5.98912564773
5.94560829593
6.1791354511
7.75856186432
7.33507187458
8.66267343958
8.83417725393
9.04890426117
10.3427988017
10.8186297726
10.1648386596
11.9945752713
12.2683659344
12.5229326681
13.5158586494
13.4477130886
12.2875432445
15.5400948061
16.1920742005
15.0048577466
16.375
16.7438878153
14.0534588875
14.4438272086
14.6508540709
16.0773475109
27.6729296779
22.0653072757
19.3453088209
18.0173366995
17.6086243381
18.0665263717
16.9544792312
14.5114133589
15.372501423
13.8616779525
14.7660312357
14.1940661666
14.0979749586
13.5819679765
13.8331981139
12.2850876487
13.3611720831
13.1627064985
12.0333435306
0.0
0.393202717032
0.978232892571
0.675657195096
1.05541544775
1.85641732053
2.31948659991
2.63603389785
2.61088737401
3.47128077924
4.74754117741
6.48178157294
6.95880429167
7.4211352828
7.86488082595
8.06480144539
8.08444364611
9.11030231916
9.00166504614
10.3595786748
11.1190748595
11.7365503476
12.0923008355
13.0777708705
12.4176697131
14.2506877859
14.672282283
15.0861043063
15.4878668563
15.4266421162
14.565
16.7438878153
13.4016581925
14.8904312173
14.7403249355
16.7082815909
26.3562907128
22.779474587
17.8664059019
20.6013428905
17.8251238177
17.8524045777
16.4839003627
16.3383648732
15.1391561852
15.0270084291
13.537357017
14.0677315463
13.9092975635
13.8730648649
13.6622260024
13.6247059299
13.4170765688
13.0575342892
12.0824926533
0.0
0.44660708073
0.681936165567
0.684554307658
0.975195502943
1.59930787942
2.27244879144
2.47272897769
2.83773952858
3.47128077924
4.66071708858
5.63268154352
6.30388246559
5.9297097925
7.09556919794
7.21069859656
7.87495925569
9.23894586924
8.94295181721
8.48105042361
10.4418749757
10.4392583703
12.178460352
12.796444458
11.7709584506
13.354737071
13.6596449339
12.9705085776
15.1545420467
15.7611607542
14.86
16.5069703009
15.1397933791
13.6976717306
14.5669751354
14.6778210062
19.108898552
29.2000649233
22.0653072757
20.459205913
21.2055632436
17.1887465596
17.2234218077
16.3952405759
15.8173710954
15.6058466608
13.9911591166
13.3033238325
14.4541668555
13.0489286421
13.5819679765
13.4912538909
12.7657742084
13.0417178791
12.7096569816
11.910470724
0.0
0.460045433687
0.598177373481
0.668853520785
1.05960083617
1.59930787942
2.10102211168
2.19730426159
2.61088737401
2.94722532136
2.95201902034
3.64445181169
3.97111329462
3.95463953537
4.70538086941
5.0573241413
6.97086872861
8.04314559692
9.69695328349
9.67588555047
10.5136992058
11.3244272056
10.6350811871
10.6825890529
12.1695603608
11.1402173795
12.6075541817
13.4925976523
14.9385851278
15.3199839998
16.025
14.1686974408
16.2897181825
14.9830198533
15.2883339809
15.9798395167
16.4756206218
19.1497540367
25.1990241851
20.7612797007
22.3368694366
19.3668625358
17.3237913986
16.4839003627
15.7340120909
13.3855313679
14.875947071
14.912301976
14.4541668555
13.9092975635
13.7581581984
13.6000543255
13.8532290484
12.1312733976
12.661115962
13.0654751064
0.0
0.474181882901
0.648781643699
0.664666644285
1.16702580574
1.56531713975
1.9609539709
2.32770445904
2.30888174493
2.50608012994
3.06489033582
3.07965718538
3.59479313424
3.85566107145
4.12960675789
5.03403042724
5.93171589718
7.75369760925
9.49918240709
10.1447036929
10.1648386596
10.8657162302
10.3691105058
10.2371555664
10.9168115002
10.6288492828
12.2875432445
12.7253537077
13.3282976675
14.9030477264
15.69
13.8236219306
16.401001228
16.4045277347
15.5791142907
15.4865637815
15.129592394
19.288171492
27.6062605536
21.378013684
23.223916338
19.891709759
17.2234218077
15.0517038066
16.1577536969
14.6229682349
13.8616779525
14.6270740324
12.9530143081
12.8300628638
13.9343484203
13.6622260024
13.3410220586
13.0417178791
12.1514352555
12.6722821252
0.0
0.395297005804
0.60062033825
0.693451420219
0.999610268753
1.57839050116
1.79893485284
2.02181240709
2.44666311488
2.67033631824
2.98848513765
3.29908753006
3.2288685584
3.87140764526
4.32556349332
4.56815614606
5.84351194332
8.51678775857
8.5535904043
9.67588555047
8.8549015107
9.73685718915
10.9872113849
11.1631883409
10.981889363
11.410693067
10.4200821592
12.4121002629
12.9949728579
12.4789996251
14.38
14.9052018879
14.8536369765
15.974262897
14.4775042709
14.1788095066
15.9701253048
17.5308716244
24.3370981196
24.6693593292
23.0375079312
21.9582957003
17.0226826258
15.0517038066
16.0743946924
14.9128820152
13.4948146544
14.7660312357
13.2279778935
14.2187284914
13.5819679765
12.3022205699
13.7350274354
13.3052675974
11.8035579479
12.9180277384
0.0
0.498615251913
0.595734408712
0.664666644285
0.996122445066
1.61325279826
1.74876119047
2.17902386008
2.44666311488
2.64843549313
2.71759398049
3.15407269357
3.51994492554
3.61721295385
4.06428784607
4.22651500652
5.67261678271
7.75369760925
8.00044998437
9.36334012219
9.70995186902
9.6185957658
11.208229275
11.9290213528
10.7215779115
11.3430741451
11.2836733184
11.9671895731
12.7555423609
12.260835296
12.155
15.1060667371
13.9686718052
15.663818647
16.5073745105
15.6815797698
15.5880648908
16.5559312869
19.5903481449
22.7373457286
25.8529176616
24.66781949
17.7453436806
15.3654230522
14.1640841737
15.2169379311
13.5523618384
14.7002094025
14.1940661666
13.2074176539
13.9343484203
13.4912538909
12.7657742084
13.0417178791
12.9604522499
12.7214312478
0.0
0.412574888177
0.574445715723
0.698161656281
1.0749472604
1.61325279826
1.93482185508
2.02181240709
2.30888174493
2.60619818757
2.67591841785
3.20559112233
3.40975172941
3.4799928107
4.18282957492
4.34815995772
5.62024568511
8.09284878673
7.90774488605
9.07032878318
9.23454386979
9.2243910213
10.9872113849
13.2731364348
12.1695603608
13.354737071
12.9407162532
11.4814197384
12.300154945
10.2779639492
11.51
14.5292240932
15.54253202
14.7052539454
16.7310516718
16.8229968782
14.0539453823
15.8638440103
19.5903481449
20.1697185331
27.2606225268
24.4710017813
18.2940307779
16.6680399199
15.991035688
15.372501423
15.3219377472
13.4203404247
14.2609492009
13.9696743299
12.5631288672
13.2658815621
13.7350274354
12.3548913404
12.9038210603
11.615575988
0.0
0.321647850639
0.60062033825
0.684554307658
1.15725989942
1.46944582273
1.90137274684
2.16927431261
2.30888174493
2.60619818757
2.80268158754
2.93082616898
3.40975172941
3.46649574744
4.11267222519
4.68721290681
5.73050062744
8.04314559692
8.24457340992
7.69643117137
8.7522954677
9.063125444
9.31271991232
12.0931284267
13.8168437653
13.5449152888
14.3566550573
11.7538140383
11.0983077443
10.3264449112
13.1
15.6159544313
15.9611682387
14.5309694542
15.6741770843
16.283835028
15.9701253048
14.8768673723
18.5437236368
19.477466103
30.262440664
24.66781949
20.7095922668
16.8589994607
15.7340120909
14.7007499809
14.955074449
13.4788487208
14.4541668555
13.9092975635
13.2985315325
13.5456541082
13.6798666826
12.0354371364
12.0139023665
12.8197294931
0.0
0.515195038029
0.61353315203
0.59453646292
1.12586948623
1.60628033884
1.92645957802
2.03887411517
2.30888174493
2.41065510627
2.8582490044
3.17887786297
3.18104886951
3.76343113917
4.19976410761
4.39992376674
5.75806436302
7.02861578153
7.30516174702
8.79034017034
7.95538853376
9.063125444
9.15538514308
8.67032374118
11.5472532969
13.2617610534
12.5242636638
13.2247432574
11.0983077443
11.4027222682
14.38
13.4167418514
13.9686718052
15.0756084892
13.6666745608
16.3870787865
16.2698957835
13.5588924716
16.6228598338
19.8865243572
25.8529176616
29.1421420678
22.730366698
16.3952405759
15.8173710954
13.569379131
13.5523618384
14.7660312357
13.2279778935
14.0300510963
13.3521546436
12.6907935506
13.5616650696
13.4170765688
11.8440087976
12.9180277384
0.0
0.454635187691
0.593291443943
0.638498666164
1.2800312932
1.57141804174
1.9609539709
2.0973714
2.37568483339
2.33243787375
2.90513401237
3.19223449265
3.46380876902
3.76343113917
4.11267222519
4.5500388129
6.05299633374
6.80056585185
7.42876854477
8.6340674562
8.8549015107
8.29263435248
9.15538514308
9.76827821223
10.5304116892
11.554383276
11.2179176463
11.9671895731
12.6757321952
11.9166204657
14.47
14.6219309467
14.0534588875
15.2662321515
15.5791142907
14.7638574717
15.7761561715
15.4907186959
14.9667304652
17.8664059019
23.7831415584
24.66781949
23.9816409319
15.2904032326
15.1782853945
15.5280649149
14.955074449
14.7660312357
13.8150623056
12.6791209477
13.696874643
13.6622260024
13.4513435641
12.8420590016
12.515492903
11.8203639991
0.0
0.377495551238
0.61353315203
0.693451420219
1.04355684721
1.67251870333
1.99649364841
2.08030969193
2.32836597906
2.63748508058
2.80268158754
3.10446235478
3.2039191555
3.50698693722
4.32556349332
4.47498128982
6.05299633374
7.06662410315
7.2680797077
8.23361862622
8.8549015107
8.42881417331
9.75850175848
9.99880957804
10.0545298168
11.1402173795
10.0913037991
10.7913541788
12.6006167452
11.9166204657
13.585
13.4939975626
13.8043968333
15.0756084892
15.5791142907
13.7142125932
15.9701253048
15.310174189
14.5542372767
14.7198039467
20.170675192
24.4710017813
25.1593107991
15.2085634294
15.331110236
15.372501423
14.804013091
13.537357017
13.8150623056
13.9092975635
12.7623004224
13.5456541082
12.5214908748
13.3611720831
13.0089932695
12.6231330025
0.0
0.489190952437
0.559089937174
0.691357981969
1.06727404829
1.65683066963
2.00590121011
2.16074345857
2.18640941608
2.69223714334
2.67591841785
3.10446235478
3.47836258738
3.80842135004
4.18282957492
4.79074052485
5.46313239229
7.35314837378
7.8613923369
8.13920386143
8.8035984892
9.2243910213
8.76204822
9.88159023949
9.56644584514
10.9415867965
11.7658815798
11.5495183134
12.5255012951
13.337112653
12.085
13.4939975626
14.3979064092
14.5309694542
15.0982083937
15.3947915517
14.5300514367
14.8768673723
13.1813121867
15.9155126897
18.7244030702
27.088677307
26.0091066692
20.4053909331
15.025460553
14.9128820152
14.955074449
13.4203404247
14.1940661666
14.0300510963
12.5095057561
13.6622260024
12.7184935632
13.4649946994
13.1627064985
12.9180277384
0.0
0.449224941696
0.537801244186
0.688741184157
1.26328973951
1.64201419337
1.96931624796
2.16074345857
2.31862386199
2.70475190055
2.64639822764
2.6865906549
3.2787673642
3.82416792385
3.90461939498
4.52933328929
5.75806436302
7.14556446342
7.59563772174
8.13920386143
7.95538853376
9.063125444
9.3651648354
9.04151831324
10.2863697034
10.9415867965
10.4200821592
11.3497624935
11.0419711567
11.6548232707
13.26
12.4484702706
14.0534588875
14.7978425814
13.8232485738
14.8498939371
15.8702018119
14.2269071473
14.4803578997
14.5624738489
15.5361765261
25.0811366783
25.5808630811
19.2391737374
16.4217238777
14.4886179465
14.1206402806
14.7002094025
13.1165061697
13.9696743299
13.8730648649
12.5431358179
13.5616650696
13.6886126422
12.1514352555
12.8688786158
0.0
0.449224941696
0.645989683963
0.712292364466
1.20050891314
1.69517919644
1.93482185508
2.37035872923
2.65820622834
2.63748508058
3.1187212709
3.4708156259
3.42222643086
4.09185967851
4.5191010098
4.52933328929
5.90139578804
7.06662410315
7.63890010095
7.82665843315
7.70571382913
8.80868419982
9.47380074749
8.80317232486
10.2863697034
10.4471234302
10.1965128743
11.6176168883
11.0419711567
12.1202405062
12.945
13.4939975626
14.0534588875
14.7052539454
13.0068269347
15.1194748622
15.5880648908
13.9982174385
14.172527162
14.1785884104
15.7097291807
20.7314653161
25.7949848751
22.0149070628
17.5679101889
14.9128820152
14.3867960068
14.3564731628
13.0644860319
13.9696743299
13.9343484203
13.3202817794
13.6247059299
13.5208991851
11.7145660785
12.5330262776
0.0
0.395297005804
0.657506517875
0.673563756847
1.16214285258
1.64201419337
1.7560781829
2.57022445241
3.3638138502
3.67933861775
4.03905661253
4.06423160152
4.21852820669
4.99166389589
5.002944801
5.83119308616
6.37824841361
7.06662410315
7.18773528916
7.61503913275
7.70571382913
8.9090272257
8.95684364857
9.54946878028
10.0545298168
9.93998151614
9.87650193716
9.81981450937
10.8072353753
12.3335567391
12.5
13.1025686257
13.719609751
13.6159758754
13.219320238
14.7638574717
15.2177601819
15.0453755788
14.0924911702
14.0338447204
13.6913760863
17.6086243381
24.5570932534
21.7011878172
17.5679101889
15.372501423
14.6673385289
14.4222949959
13.0050344459
14.0300510963
13.520684421
12.1623342968
13.7901881881
13.7445171279
11.7631070982
12.3937704301
0.0
0.454635187691
0.76255400295
0.666760082535
1.18097710049
1.43458352563
1.55224767952
2.92973901546
3.51968772328
3.86705997579
4.10504292005
4.23405160741
4.4742595864
5.34708656175
5.002944801
5.9243679424
6.51606709151
7.02861578153
7.2680797077
7.95688569493
7.07297656397
8.66175334051
8.9043987255
9.44397137559
9.83082466314
9.93998151614
9.7756765734
11.2226451536
10.3612373907
12.260835296
12.22
13.1798243369
12.8823373135
14.1007046165
12.7999255604
14.8498939371
14.7827990952
15.5809909494
14.4803578997
13.7506505444
12.9778818396
16.9853682606
20.8501096941
22.6628055049
16.977450574
15.1391561852
14.804013091
13.537357017
12.9530143081
14.158351725
13.696874643
13.4912538909
13.6247059299
13.0976223648
11.933000667
12.5330262776
0.0
0.42426800049
0.843520835299
0.695544858469
1.1440061694
1.28031786096
1.72785549781
2.71768635793
3.3638138502
3.80292184513
4.29258295193
4.32182374528
4.36406639026
5.23236152404
5.23277060182
6.05377746495
6.59048917758
6.5871345074
7.30516174702
7.45225505552
7.2508270385
8.47181832725
8.85569986835
9.13920109536
9.56644584514
9.28069702783
9.62663038349
10.7323354138
10.4692158501
11.9844938125
12.36
12.1136955219
12.8823373135
13.7739211955
12.7999255604
14.0985088055
14.8650890305
15.2199019355
15.2191516701
13.0143456869
12.6179207781
15.5092354453
20.7095922668
27.6686734677
19.353182201
15.0613744393
14.7392725089
14.2906513296
12.7895224465
13.7281672643
13.9343484203
13.7787978966
13.6247059299
12.4507276016
11.8440087976
12.7214312478
0.0
0.395297005804
0.632029885282
0.654199453037
1.04006902352
1.26201515499
1.56374581048
2.96264373818
3.4208748216
3.67933861775
4.10504292005
4.16917654898
4.34327522118
5.178373271
5.1021327782
6.05377746495
6.27626259195
6.22751731059
7.30516174702
7.65736299283
7.00799273674
8.29263435248
8.66839657164
8.32257303682
9.72507313594
9.14123300145
9.48196790505
10.505340164
10.4175739782
11.7178485214
12.085
11.5471536395
13.2479816058
13.4634769456
12.5986161152
14.4254473742
14.612341372
14.0764533915
15.2191516701
12.8947748126
12.740050424
13.9740573175
17.3237913986
26.5092762556
20.7841784441
14.9128820152
15.0989424091
14.7660312357
13.2279778935
13.3810008573
13.2985315325
13.6622260024
13.2858613058
12.3548913404
11.8844596474
12.7214312478
0.0
0.42426800049
0.747198224401
0.662573206036
1.13493782782
1.34306999574
1.76966688312
2.8200566064
3.4208748216
3.36646968767
4.10504292005
4.00508081295
4.3224840521
4.91518053741
5.05374839908
5.98907270367
6.14671303472
5.93222188882
7.15065324984
7.53364709414
7.21320482274
7.95218480041
8.62344378043
8.40853388509
9.26139336284
8.9595071489
9.4337470789
10.7323354138
9.99974428734
11.3396970176
12.085
11.4853490705
12.5961809108
12.739107029
12.5371048958
14.1788095066
14.7827990952
13.853781833
15.1329590635
13.5429748154
12.5600698933
14.0462238107
19.2441962389
25.85455783
18.9919598483
14.1421356237
15.0270084291
14.4954303661
13.2874294795
13.8489207971
13.8730648649
12.9472517179
13.6798666826
12.1312733976
11.933000667
12.9180277384
