4.79854261086
4.90040218518
4.71358463782
4.53921832669
6.99092161866
3.16527629029
3.37085202504
3.39131306265
3.33949944027
3.34769024041
3.33119023856
3.32043171005
3.29193443675
3.26255851237
3.23896026968
3.224373034
3.19236507991
3.0254482797
3.24955205528
2.99132418838
3.31357012793
3.41015936443
3.51046919195
3.61741050994
4.20871427437
4.58763768445
8.61658088905
15.5753727742
4.7796827606
4.29486128468
6.14799239305
3.01301891215
3.00795947321
3.22818277385
3.05634960685
3.13842433341
3.1292711362
2.87947481983
3.11766181265
3.02948789882
3.0768405677
3.0032332762
2.97934298875
2.92039147279
3.0158323821
2.86590416764
2.90637292691
3.24612252333
3.17860197802
3.34450765999
3.68505001427
3.74732491067
6.36153094868
11.6671523245
5.82099347347
4.44095741884
4.34499644232
3.53270824206
2.76749141183
2.78743019421
2.92911515273
2.75102686343
2.92698770612
2.89714859943
2.68758780898
2.8866234121
2.81224512846
2.6385732471
2.77891858431
2.79520474282
2.76010469582
2.82724706353
2.62670996213
2.88638703376
2.9108864736
2.81931318884
2.94691902274
2.87100189762
2.89586701612
3.44123124455
3.79688561983
5.50744397881
3.17030055761
3.27007541798
2.92826139952
2.85142700132
2.83210040323
2.8119644565
2.79103414308
2.74911061929
2.56257630199
2.70641012284
2.69109703289
2.64651882054
2.6808422972
2.64335180118
2.41137228383
2.6421864689
2.46919069282
2.65938048439
2.6484891025
2.67766403276
2.72166653448
2.73704775954
2.6202004078
2.90151734206
3.10082698063
3.73303803136
10.9480945481
2.64295964541
3.42408520119
2.68102854686
2.65067144057
2.47404213687
2.46440519602
2.57988577349
2.50026662768
2.50464298367
2.51633969261
2.34316322997
2.49932194932
2.48966974703
2.4498396949
2.44413130938
2.45617578972
2.31434929946
2.45893607774
2.29867051728
2.30004777675
2.46264465674
2.29243155908
2.45860032584
2.51555447109
2.43317162644
2.64587616921
2.80469127236
3.55081702798
5.32058844571
3.8713432006
2.6590389816
2.36236409133
2.44762769021
2.26894061237
2.24453852759
2.39935117274
2.34258415656
2.35181948918
2.34496042065
2.15954238727
2.32910169752
2.28227904418
2.28278091128
2.28
2.23664757979
2.0048300585
2.22767143144
2.11925974072
2.27644884606
2.23506264924
2.26294388001
2.23473047577
2.30295445967
2.17446126741
2.34718641958
2.40295054997
2.53661254674
3.02880701681
4.59270785618
8.48137222703
3.11306058994
2.26300953825
2.32893097448
2.24197972413
2.25577225925
2.24717245081
2.06502035969
2.20402126074
2.17916413284
2.12992423219
2.1444182942
2.1415496618
1.97298856235
2.12435882161
1.95588993979
1.96504962643
2.10992166112
2.08223662696
2.08612381274
2.09145642493
1.94234049967
2.06810201764
2.08438101196
2.05315176762
2.11362492715
2.14393828002
2.06285165868
2.37100834471
2.3422975083
3.03371214601
3.80519432656
2.21767958104
2.05929642539
2.17229555439
2.10041287449
2.00340972615
2.07834717757
1.91122803622
1.89347569225
2.03073921692
1.8630970913
1.98073808691
1.97371694678
1.87184479679
1.96223872939
1.93384569407
1.80990228385
1.92318856236
1.93616755303
1.85895780022
1.90034976379
1.81028534882
1.78536763721
1.94851493611
1.80842652221
1.9266177318
1.85605525548
1.89409049906
2.10338571469
2.13470088419
2.42932219604
3.38978769578
5.98634105338
1.95615103393
2.01343700498
1.97660670828
1.80442548698
1.8702983323
1.88576728685
1.7272495098
1.86328919224
1.85843517369
1.78954161382
1.81641673042
1.69609180163
1.66725749457
1.81360506714
1.68494080997
1.79272217435
1.78745417936
1.68075403111
1.7633617608
1.76812638881
1.63240021674
1.7735057387
1.79135162376
1.73982091155
1.79387249153
1.67995941087
1.68392861733
1.85778028458
1.7893416354
2.03824304383
2.47540777793
4.23871149014
1.70557261213
1.82111585506
1.65395228507
1.6331531867
1.73355613503
1.59211764214
1.69879900451
1.71001610092
1.58494708632
1.65360956632
1.6557611429
1.54910669652
1.63980181551
1.64035061336
1.58135694736
1.63241466861
1.53093630248
1.51527565581
1.60567970073
1.5151002517
1.60143853412
1.62054158154
1.52104765079
1.64376867616
1.63420436037
1.4954624643
1.64741685902
1.69990612252
1.72893178731
1.86562098674
2.01336489997
2.8803106536
1.63378048126
1.48899375673
1.60404433959
1.5902071472
1.49807083139
1.56290707876
1.54084324452
1.42381427306
1.50243005672
1.5219896378
1.4693459908
1.49810829651
1.39757206138
1.36476968579
1.47938970876
1.37543185611
1.46465429943
1.46982815512
1.39887816118
1.44247505471
1.44930398551
1.36370207341
1.47056471109
1.47372383156
1.45890050844
1.45304845809
1.39094771634
1.44276228287
1.56128649609
1.47225674784
1.71023525141
2.10290145241
6.40933543077
1.42646503054
1.44926410025
1.56844957351
1.42632806271
1.34956733926
1.37530510595
1.38188899371
1.2687297352
1.37512562497
1.35879044877
1.34825963868
1.34960109046
1.27579775083
1.24314120461
1.30251725497
1.24209303273
1.30151149936
1.32412435441
1.24985380213
1.31859280254
1.31001606668
1.2285185321
1.30894804044
1.21044765728
1.29868440825
1.31603814402
1.24051874773
1.28316670509
1.37778410662
1.3154741035
1.48035920981
1.7458575853
3.60922896496
1.23845194758
1.37141083981
1.31755285871
1.17314799527
1.22283571669
1.22355055398
1.22940795935
1.22107348627
1.13541670192
1.12799350292
1.19948935016
1.12172631868
1.18790946577
1.17754064745
1.11846502595
1.17192831447
1.16056135361
1.09065863278
1.16589406433
1.16132583154
1.13298334733
1.15748029824
1.07227663974
1.09086938711
1.15538437274
1.09326872275
1.18423954604
1.19933373176
1.13689783374
1.26553813003
1.33132808509
1.31362362919
3.17129282309
1.10274957813
1.11807905375
1.1306146058
1.09779945656
1.01616481977
1.06657522744
1.05961790273
1.04753121181
1.04720968715
0.998548713676
0.969005108555
1.04186223917
0.998652514644
1.01457902034
1.01707268741
1.00747565283
1.02792013245
1.019960772
0.946036066762
1.01922553201
1.01259601898
1.00113824789
1.01299733849
0.970825374017
0.941043669596
1.01320282258
0.95773187224
1.04483720344
1.04031185532
1.03008940595
1.10312311428
1.2123079884
1.62408879772
3.79888834992
1.05244130878
0.892129283987
0.942598452094
0.921780720713
0.866367431546
0.925207024139
0.923368983184
0.847756723484
0.904395929205
0.841023403268
0.835228965239
0.89565976625
0.871830911303
0.880356163867
0.864275313682
0.820915128335
0.881656607027
0.876818039458
0.853922335954
0.854554242674
0.868512973135
0.806350300991
0.868857188589
0.813587603963
0.802405113118
0.870912425406
0.865229192007
0.887860151364
0.88588551659
0.849117977226
0.930927175532
0.978642613522
1.21328284787
1.7253612469
0.81129638179
0.745598682494
0.730234547194
0.779882618577
0.724981141759
0.767969689001
0.769904263813
0.722394185552
0.752362893509
0.751885264314
0.686146659123
0.731455130052
0.735424058486
0.727274864493
0.730734330959
0.681964943467
0.680948677113
0.726116724757
0.679036759602
0.714164584542
0.712774004458
0.67395037522
0.719638739323
0.718975218038
0.671414390866
0.714415771663
0.721427355946
0.725675779269
0.734839175104
0.694407603208
0.708222860086
0.818208737088
0.965584372325
1.39886426138
0.608183807599
0.682499864054
0.615802134304
0.573393175955
0.617080340197
0.569563335359
0.610666102579
0.602356746441
0.582185191494
0.597661430644
0.597100699401
0.554044874719
0.581811385841
0.587500664513
0.582159567228
0.582030683884
0.544340932422
0.540026720112
0.577774925234
0.53947356707
0.57959717873
0.57174535367
0.56377409579
0.576717673058
0.570884143215
0.539191648312
0.574919627196
0.586349276709
0.580818880786
0.592630716524
0.578198003517
0.609907069406
0.885145872982
1.07044695414
0.469382027453
0.477013160283
0.477695077133
0.468309962301
0.435342297775
0.460115408884
0.424397610525
0.424460069515
0.452818536669
0.446343808365
0.450039720521
0.44332523167
0.4079567126
0.436719650189
0.431719646189
0.40850542646
0.43843032504
0.430051267193
0.406268720344
0.43376505881
0.399184764943
0.401787444154
0.428761965412
0.404961500073
0.42309776339
0.425705175201
0.40662823619
0.433448923764
0.433938076685
0.443724580173
0.455335803976
0.48289147961
0.559192057103
0.789236344261
0.305673028539
0.320879779223
0.299724346135
0.309848901215
0.305251569642
0.293285249987
0.303440803641
0.280626040461
0.281273780043
0.300387637678
0.279890267305
0.294942461469
0.289042711335
0.293929386097
0.291931416141
0.291192728685
0.27100138398
0.289428953538
0.289063552323
0.275804263967
0.288671974962
0.269220638961
0.26953005966
0.282476971443
0.268536030957
0.288580630666
0.290433644221
0.278254272247
0.28997598206
0.299518360671
0.281497396487
0.324081146502
0.393085097076
0.533235079966
0.157920222579
0.155580632133
0.15894781531
0.154948049946
0.144303756523
0.154475522926
0.151743513093
0.141544173096
0.150656085209
0.15021669757
0.140994356616
0.147835115328
0.136891074247
0.135471963035
0.146325097343
0.13689485125
0.143866242185
0.144736520842
0.138118178359
0.144647096339
0.144683838401
0.134307192617
0.144103272725
0.141260000304
0.135079330856
0.144312294795
0.137152834546
0.137145086255
0.146383856442
0.140108887366
0.153785018159
0.161621242173
0.211209307099
0.271432824532
5.51619355918e-16
5.78293117324e-16
5.29545344596e-16
5.39975320524e-16
5.42894058514e-16
4.96918726785e-16
5.31181570347e-16
5.31175135859e-16
4.93504300865e-16
5.28246248176e-16
5.22933765852e-16
5.03710780564e-16
5.15487966202e-16
4.82437439497e-16
5.18118071464e-16
5.07375811461e-16
5.08272832345e-16
5.03153993587e-16
4.84592155354e-16
4.69522956573e-16
5.0877129507e-16
4.67814768763e-16
5.00518235137e-16
4.95615340616e-16
4.90578863253e-16
5.06324415871e-16
5.09575590434e-16
4.80096730874e-16
5.15199208138e-16
5.31348194601e-16
5.24338731974e-16
5.74842620417e-16
6.28570038663e-16
1.13203520371e-15
-0.167866579139
-0.149301593168
-0.15894781531
-0.14485031186
-0.153692193694
-0.1530869789
-0.145680701497
-0.149321325464
-0.151000835976
-0.140419956424
-0.146305201154
-0.14578659179
-0.146924084658
-0.146987079893
-0.140256314504
-0.137398141145
-0.146202816884
-0.135607497165
-0.143893729425
-0.14530309224
-0.139795870887
-0.143692514511
-0.142014819497
-0.131693860328
-0.144253336933
-0.143057405275
-0.143372917745
-0.145620344395
-0.136920040905
-0.144643155566
-0.156776944582
-0.14933684373
-0.224821549344
-0.299212729814
-0.329750013664
-0.347736021614
-0.305300613039
-0.313678494376
-0.287868222852
-0.304044827206
-0.301362441973
-0.300670757637
-0.301955675635
-0.299012865881
-0.275094106054
-0.294942461469
-0.295163615811
-0.291897616147
-0.291931416141
-0.278444659917
-0.294363572254
-0.286109814162
-0.271574547445
-0.28859423578
-0.28476219652
-0.270838551454
-0.288162650196
-0.270042883535
-0.269484921526
-0.284502860885
-0.290433644221
-0.296434783945
-0.29363883657
-0.288637774411
-0.309318074354
-0.337991478818
-0.449574615867
-0.786109447785
-0.613807266669
-0.449815041495
-0.472991296286
-0.47144247041
-0.456718386648
-0.46219737906
-0.427514361642
-0.457110844093
-0.452818536669
-0.443251357036
-0.450039720521
-0.447420614872
-0.417645684525
-0.437735277282
-0.409476479407
-0.439696727495
-0.441433272472
-0.435028712415
-0.426557414051
-0.427863493384
-0.40016196143
-0.433813979557
-0.427798455378
-0.430779588625
-0.436378859102
-0.431820277165
-0.410358770466
-0.444539301345
-0.41837489672
-0.43919215341
-0.482700812885
-0.506858519958
-0.812452509967
-1.37107578222
-0.679324574084
-0.642762895462
-0.593510654329
-0.628366550835
-0.612910878439
-0.600781788576
-0.605127181014
-0.609264507295
-0.607677324139
-0.601783233614
-0.557385285908
-0.597713436273
-0.594045737413
-0.583439600012
-0.590245116773
-0.590077191035
-0.54967760823
-0.581158976435
-0.573817562732
-0.547339524305
-0.58220210987
-0.573038895195
-0.561205648884
-0.575443158863
-0.538641517186
-0.588095076879
-0.587350321838
-0.595587973296
-0.598511892911
-0.621023829344
-0.602115190839
-0.737685854074
-1.29817494524
-0.777310819073
-0.815280802353
-0.795511771318
-0.736410900707
-0.769261427065
-0.767969689001
-0.711945178784
-0.766411035568
-0.759249510383
-0.704677856167
-0.756301305068
-0.702469728628
-0.695510743534
-0.735731548964
-0.739152929242
-0.738934987884
-0.725122826302
-0.686329506962
-0.72353674142
-0.734639486622
-0.684295591038
-0.714355073974
-0.72605692206
-0.684738302893
-0.733816434252
-0.68308174659
-0.689588258429
-0.745683807117
-0.738650581614
-0.778189390116
-0.831489497126
-0.972685364054
-1.41511835338
-0.97092152518
-1.00495125433
-1.01671195165
-0.888413092814
-0.930928466108
-0.927286141047
-0.923368983184
-0.919179451103
-0.87445588132
-0.839993998857
-0.90500239231
-0.842492748162
-0.886089828076
-0.894555456832
-0.878410657597
-0.886226613453
-0.877658164365
-0.827111801393
-0.886537425175
-0.870270182769
-0.881199117686
-0.873223102395
-0.839029311683
-0.8250465843
-0.873456333288
-0.828635123202
-0.891307143973
-0.912779303221
-0.91331231277
-1.02201939903
-1.10295606649
-1.2835819786
-3.46539530175
-1.45489833844
-1.16801504634
-1.1306146058
-1.03336604438
-1.0914362879
-1.08111943508
-1.00397586674
-1.0668405429
-1.00989531899
-0.988947283737
-1.05035368557
-1.05378285976
-1.05208814266
-1.03586389489
-0.958214314295
-1.02621938591
-1.03491278642
-0.949258945761
-1.03015376819
-1.0272419126
-0.969361582213
-1.03051702266
-0.94344491879
-0.966372046613
-1.03161360024
-0.961721165649
-1.0413433849
-1.05882575508
-1.03818006873
-1.2021227801
-1.25459361766
-1.56370160822
-5.14862045624
-1.41870086877
-1.36063739312
-1.25644844464
-1.1812426651
-1.16957038248
-1.22940795935
-1.20729161848
-1.23301305281
-1.21434051469
-1.12844897862
-1.21157332964
-1.20418219818
-1.11137150556
-1.18030323652
-1.19065776242
-1.12462654106
-1.17007552352
-1.11720548602
-1.08808906739
-1.18495506052
-1.11231662997
-1.15939110988
-1.19003933139
-1.11502159989
-1.1908373273
-1.21400053987
-1.15018070996
-1.28905225475
-1.4137868824
-1.47806048156
-2.50214024607
-3.56147025717
-1.4633346255
-1.49190173576
-1.42632806271
-1.31995789417
-1.40797638109
-1.4113899947
-1.34153840132
-1.38594121977
-1.29254556294
-1.26840827055
-1.37561380989
-1.28799175561
-1.34787471269
-1.32669390936
-1.23908554354
-1.34190323554
-1.31519767337
-1.25281203598
-1.32153280879
-1.34360622224
-1.28798637131
-1.32478789571
-1.26618255531
-1.25047996515
-1.37649716132
-1.26421404966
-1.4171464364
-1.53649607918
-1.54307415437
-2.23394786553
-5.28931169649
-2.80225472556
-1.79789922141
-1.65953560323
-1.53477508978
-1.60705288956
-1.47483165223
-1.4632840208
-1.54590462739
-1.44583166417
-1.5219896378
-1.5358245217
-1.45054930297
-1.52785420269
-1.51472586115
-1.38210557825
-1.50062286243
-1.49620580929
-1.42688935509
-1.50067445929
-1.38699524492
-1.40715420518
-1.48928502705
-1.40982399476
-1.51020999747
-1.50926169104
-1.46397363447
-1.57042484103
-1.65894664194
-1.66759977889
-3.03624757291
-6.03866354655
-1.78570018451
-2.24254685398
-1.82353955854
-1.8120767293
-1.77917603332
-1.73823570941
-1.74235795335
-1.73080082701
-1.60567766652
-1.68931250014
-1.57896679125
-1.59390014316
-1.67140797295
-1.67552743238
-1.6642952488
-1.65625892782
-1.54553402646
-1.6658958707
-1.65619546659
-1.56351173903
-1.68338088403
-1.6647703365
-1.582521863
-1.71000749875
-1.60999392541
-1.76299932717
-1.8004277128
-2.09413608552
-2.31803692334
-3.61061280428
-2.42388108987
-2.63886996524
-2.18008092825
-1.94546104228
-1.97178738909
-1.87956410499
-1.88614821023
-1.76652168723
-1.75370567772
-1.88372801454
-1.74702552949
-1.87098855815
-1.84755630018
-1.77124054388
-1.80543717302
-1.83069510781
-1.70991167324
-1.81125963823
-1.82626875784
-1.75249654228
-1.80709227323
-1.740734437
-1.69183208911
-1.87847476149
-1.77314497324
-1.93597102298
-1.98959222774
-2.27449582272
-2.76220522781
-7.1788648549
-2.82945325857
-3.68694993193
-2.67324892423
-2.18568604675
-2.15579435856
-2.12980248982
-2.08538199279
-2.0694575507
-1.9240920808
-2.07355395655
-2.05139986927
-2.03532684032
-2.00335614083
-1.96223872939
-1.89038848746
-2.02397674754
-1.86725690395
-2.02816225445
-2.00146371854
-2.01238373206
-1.99509406193
-2.01062430172
-1.91952534089
-2.07352541013
-2.16515135574
-2.19370365163
-2.42323324166
-2.96142407988
-4.0313383518
-2.59784543403
-4.39787857914
-4.81006386949
-2.25404635344
-2.34735275695
-2.31453950501
-2.19948680171
-2.28068286981
-2.13137544572
-2.09656971401
-2.23940913779
-2.19834213902
-2.19456672825
-2.21825313416
-2.07973960145
-2.19759987808
-2.1862675107
-2.06383011534
-2.20049463581
-2.17556934637
-2.14560869149
-2.25876218196
-2.13114597057
-2.21890675425
-2.49732239836
-2.33963244351
-2.95308962633
-5.38002841848
-3.74541677564
-4.32410845164
-2.38824431798
-2.52419643126
-2.5199578194
-2.45843583759
-2.48867529105
-2.45918516151
-2.27359206002
-2.40852492133
-2.41011393048
-2.40080624316
-2.38574462675
-2.37
-2.19932865465
-2.36371938996
-2.23259446223
-2.37621386632
-2.4102145368
-2.38970482173
-2.44052378151
-2.48250443044
-2.38570949672
-2.66471197387
-2.82872020437
-3.59520144664
-7.87375986125
-3.11005003391
-3.63617937413
-3.34358555159
-2.80904007328
-2.55212595939
-2.52243338617
-2.7049827817
-2.51008785972
-2.64935009708
-2.60832488879
-2.46427212694
-2.62932759692
-2.59693705649
-2.4494562142
-2.56215964257
-2.58057854689
-2.4248570063
-2.62965822215
-2.69115950456
-2.82547944942
-2.87767885789
-2.77068272014
-3.36918106338
-4.88133198979
-11.6636563714
-6.72937157071
-7.02433413871
-7.01898330788
-5.01256983583
-3.99808835158
-2.9686683581
-3.00817891563
-2.94547566352
-2.68062756984
-2.85278012949
-2.87126612223
-2.8231433274
-2.90211816935
-2.8353901799
-2.6699343469
-2.82951609156
-2.72222712643
-2.73954891895
-3.0935671467
-2.8660012583
-3.48882951182
-3.95351343045
-6.18057466222
-7.22680665311
-5.84612822939
-7.33526743139
-15.5413831225
-5.88583453204
-4.56260406382
-3.46721379995
-3.2501625044
-3.24876585035
-3.1828423591
-2.96881552105
-3.21126357687
-3.32216582635
-3.27047866295
-3.20633147213
-3.34743701181
-3.58506465355
-5.0613406437
-7.78928986989
-14.643810679
-10.4281029596
-10.8818324904
-16.2612826373
-9.46476269883
-6.33420543051
-5.69395231974
-4.76470243353
-5.32602997654
-6.47188909154
-5.29834840331
-5.49519290988
-6.97604759432
-7.83121396614
-7.66342041914
-13.5015274984
-19.2754223039
