13.1838874696
13.46374435
12.9504673571
12.4713998546
19.2073992884
8.6965251339
9.26133982311
9.31755606192
9.17519930441
9.19770334286
9.15236996036
9.12281114621
9.0445155313
8.96380584238
8.89897020347
8.85889210282
8.7709509717
8.31235083221
8.92807089523
8.21859566184
9.10395910428
9.36933585052
9.64493483657
9.93875369297
11.5633474338
12.6044309467
23.6738614256
42.7929849966
13.8812066652
12.4731828611
17.8550663838
8.7504422993
8.73574862171
9.37532352693
8.87628377419
9.11464608785
9.08806327294
8.36260209373
9.05434734922
8.79827170953
8.9357938456
8.72202274894
8.65264031625
8.48143268234
8.75861320934
8.32319005804
8.44071986891
9.42742434254
9.23133044036
9.71315552661
10.7021623362
10.8830217677
18.4752273798
33.8838706923
17.9151757833
13.6678615372
13.3725240196
10.8725579982
8.51746275748
8.57882801974
9.01488948406
8.4667900879
9.00834187664
8.91650654922
8.2715447544
8.88411335345
8.65520053437
8.12069344423
8.55263197807
8.60275562
8.49472878321
8.70137174294
8.08418200739
8.88338585571
8.95878737839
8.67695378742
9.06968416167
8.8360352755
8.91256224136
10.591020749
11.6856123647
18.0140375592
10.3695858802
10.6959347435
9.57791146624
9.3265974737
9.2633830197
9.19752130562
9.12906133519
8.99193566759
8.38180940744
8.85226863699
8.80218177661
8.65637301404
8.76864004753
8.64601416046
7.88724334871
8.64220253032
8.07635884314
8.69844162091
8.66281751594
8.75824441297
8.90217011093
8.95247983121
8.57028936479
9.49043559585
10.1423480491
12.2102172198
35.8096037201
9.2170956419
11.9412041876
9.34985767867
9.24398986773
8.6280102828
8.59440227607
8.99713090993
8.71946595084
8.73472811792
8.77551938963
8.17158129247
8.71617146586
8.68251023618
8.54360633708
8.52369883099
8.56570292569
8.07109517502
8.575329194
8.01641676358
8.02121983818
8.58826254595
7.99465893065
8.57415828796
8.77278099674
8.48547787438
9.22726676913
9.78112085373
12.3831705908
18.5550969953
14.4480495182
9.92366857865
8.81646281482
9.13467089788
8.46780164471
8.37673182452
8.95450048185
8.74264309328
8.77710982385
8.75151143159
8.05952191038
8.69232587114
8.51758134995
8.51945434343
8.50907584126
8.34728240638
7.48212763886
8.31378296472
7.90918502679
8.49582275434
8.34136736506
8.44542153486
8.34012767681
8.59474305099
8.11519992907
8.75981897272
8.96793354056
9.46676690354
11.3036616731
17.1402190636
31.6529120692
12.4858040591
9.07643550843
9.34083194796
8.99208953093
9.04740836779
9.01291642009
8.282344286
8.8398464497
8.74014995504
8.54265950032
8.60079200789
8.58928655177
7.91322490796
8.52033785769
7.84464607861
7.88138357514
8.46243356968
8.35139496253
8.36698561313
8.38837355245
7.7903022425
8.29470414097
8.35999562101
8.23474196324
8.47728655844
8.59886677619
8.27364610136
9.50959506223
9.39444218697
12.167554833
15.2618008533
9.60582560216
8.91979278459
9.40924578568
9.09788769189
8.67772089511
9.00231065803
8.27843812914
8.2015442795
8.79609792506
8.06996010241
8.57951923671
8.54910733764
8.1078505777
8.49938971595
8.37640596846
7.83954807733
8.33024485958
8.38646304454
8.05203086296
8.23131915454
7.84120731399
7.7332768473
8.43994543646
7.83315585138
8.34509822426
8.03945856045
8.20420730039
9.11076447748
9.24640537868
10.522550483
14.6827836232
25.929691848
9.20296705294
9.47247635715
9.29920343437
8.48915447636
8.79906184783
8.87183755719
8.1260700504
8.76608643648
8.74325007466
8.41913135853
8.54556884131
7.97948455837
7.84382980922
8.53234100557
7.92702326727
8.43409471939
8.40931075151
7.9073260214
8.29596483376
8.31838064616
7.67983921041
8.34368849761
8.42764678581
8.1852138456
8.4395065362
7.90358762707
7.92226127531
8.74016906363
8.41819053403
9.58917959443
11.6458779653
19.9415697019
8.77441043124
9.36882888569
8.50884687038
8.40184478532
8.91837317636
8.19073520976
8.739563241
8.79727019935
8.15384589802
8.50708373528
8.51815263719
7.96946307673
8.43604901536
8.43887233554
8.13537623424
8.39804543915
7.87598450311
7.79541746041
8.26050595274
7.79451508448
8.23868704201
8.33696370138
7.82511180034
8.45645674428
8.40725260508
7.69348742643
8.47522501805
8.74525886938
8.89458296977
9.59778793962
10.3578644818
14.8179137402
9.26562954062
8.44450322205
9.09698750097
9.01851288335
8.49598187057
8.86368650155
8.73855627951
8.07485200132
8.52070426591
8.6316321625
8.33307520433
8.49619434579
7.92602502329
7.739993507
8.39003595942
7.80046167967
8.30646730041
8.33580969412
7.93343228335
8.18068255304
8.21941134415
7.73393877633
8.33998691056
8.35790317307
8.27383593013
8.24064730341
7.88845649572
8.18231150489
8.85449572047
8.34958292781
9.69922608861
11.9261467755
36.3491475044
9.0063457472
9.15029340814
9.90280087043
9.00548096635
8.5208328324
8.68333469581
8.72490372716
8.01044428733
8.68220149751
8.57906525403
8.51257633586
8.52104592912
8.0550699817
7.84888466357
8.22377029148
7.84226676674
8.21742020043
8.36019214829
7.89126633631
8.32526730428
8.27111592526
7.75656074284
8.26437267296
7.64246572958
8.1995706497
8.30913782518
7.83232712248
8.10159572783
8.69898649007
8.30557661352
9.34662020323
11.0229109736
22.7877748443
8.81204349045
9.75809516652
9.3748757185
8.34738172545
8.70092823397
8.70601456556
8.74769217043
8.68838931301
8.07890962312
8.02609081774
8.53481020445
7.98149748471
8.4524150457
8.37863706972
7.95829218119
8.33870324556
8.25782311647
7.76043941316
8.29576732483
8.26326265955
8.06159540559
8.23590026832
7.62964473646
7.76193900809
8.2209869835
7.77901116828
8.42630220997
8.53370292198
8.08944842366
9.00477169291
9.47289154719
9.34691779774
22.5649209342
8.9811745876
9.10602314757
9.2081170262
8.94085908268
8.27599832015
8.68655814374
8.62989528109
8.53145708307
8.52883847486
8.13252664939
7.89191329455
8.48528700603
8.13337204043
8.26308302021
8.28339230869
8.2052307344
8.37173765899
8.30691387013
7.70484546107
8.30092582093
8.24693277015
8.15361671309
8.25020125525
7.90673816706
7.66418564904
8.25187478889
7.80010015263
8.50951614567
8.47266014284
8.38940497388
8.9842167954
9.87345623492
13.2271417984
30.9394627629
10.0133101784
8.48804314814
8.9682252072
8.77015772374
8.24293549499
8.80275682327
8.78526903174
8.06586643574
8.60475248137
8.00180317322
7.946672778
8.52163344309
8.29491703259
8.37602939255
8.22303032316
7.81048571696
8.38840228273
8.34236638744
8.12452831987
8.1305405107
8.26334895962
7.6719106414
8.26662395091
7.74076897954
7.63437468614
8.28617822303
8.23210586919
8.44742506446
8.42863766956
8.07881789996
8.85718042835
9.31116249548
11.5436152007
16.4157157182
9.2731600769
8.52223193777
8.34661906772
8.91409912035
8.28657236883
8.77793371222
8.8000460035
8.25700332407
8.59954722346
8.59408789679
7.84269220114
8.36057039362
8.40593545321
8.31278973964
8.35233162228
7.79489497248
7.7832789949
8.29955214188
7.76142567774
8.1629385541
8.147044151
7.70328803823
8.22550842956
8.21792434657
7.67430160442
8.16580963603
8.24595241111
8.29451211189
8.39925020555
7.9371152241
8.0950243328
9.35216865949
11.0366798784
15.989091672
8.69743365521
9.76020277609
8.80638080285
8.19990444322
8.82465999874
8.14513517103
8.73293212727
8.61410279833
8.32563612316
8.54695665415
8.53893782378
7.9232108446
8.32029045327
8.40165092879
8.32526967908
8.3234265614
7.78443800443
7.72274189403
8.26256637727
7.71483143699
8.28862581635
8.17633948667
8.06234518807
8.24744696674
8.16402360337
7.71079981091
8.22173371296
8.38518531608
8.30609696971
8.47501409048
8.26861667859
8.72207744719
12.658175718
15.3081046367
8.9563426246
9.10195331321
9.11496506183
8.93588640289
8.3068258898
8.77952500905
8.09798881637
8.0991806049
8.64029239293
8.51674721713
8.58726942218
8.45914934261
7.7842777958
8.33310733947
8.23770157971
7.79474787996
8.36574896013
8.20586701204
7.75206898482
8.27673037752
7.61689906354
7.66656114131
8.18126566853
7.72712573615
8.07318625552
8.12293863668
7.75892895582
8.27069816149
8.28003175524
8.46676936599
8.68832471448
9.21411832777
10.6700200763
15.0595265638
8.75333026701
9.1887946312
8.58298229097
8.87291161462
8.74126126328
8.39859070278
8.68940770945
8.03607837242
8.05462720716
8.60197647561
8.01500858598
8.44604703053
8.27710029138
8.41703634756
8.35982197384
8.33866873276
7.76046427167
8.28816082092
8.27769709918
7.89800075947
8.2664837907
7.70947040626
7.71833105577
8.08908210084
7.68986579809
8.26386803231
8.3169313978
7.96815981713
8.30382566823
8.57708363907
8.06103074427
9.28046979546
11.2564844016
15.2698548092
9.04724349226
8.9132084454
9.10611424039
8.87696783617
8.26715667436
8.84989678131
8.6933800428
8.10906024571
8.63108134106
8.60590884007
8.07756128066
8.46946808485
7.84248439121
7.7611835643
8.38295921241
7.84270077559
8.24209149473
8.29194972561
7.91278513868
8.28682659925
8.28893155057
7.69445391179
8.25567096526
8.09277999737
7.73868968183
8.26764583164
7.85748062869
7.85703672941
8.3863255189
8.02683278135
8.8103377897
9.25927476282
12.1001730998
15.5503761028
9.00862773336
9.44424331533
8.64813177097
8.8184662043
8.86613281302
8.11529866621
8.67485336535
8.67474828218
8.05953685926
8.62691591639
8.54015649599
8.22622132217
8.41855735974
7.87880129736
8.46151023829
8.28607581899
8.30072528176
8.21712830079
7.91399047777
7.66789178561
8.30886579583
7.63999496163
8.17408309866
8.09401275471
8.0117608374
8.26890522595
8.32200093592
7.84057462459
8.41384158268
8.67757454592
8.56310133401
9.38789242445
10.2653277517
18.487537868
9.61706987796
8.55348254402
9.10611424039
8.29846880864
8.80501987968
8.77034714732
8.34604179908
8.55461300646
8.65083209928
8.04465391571
8.3818193605
8.35210824995
8.41727517268
8.42088416726
8.03527887641
7.87153423432
8.37595376958
7.76894830943
8.24366623767
8.32440857929
8.00890007926
8.23213864298
8.13602355997
7.54473620522
8.26426813797
8.19575325919
8.21382895652
8.34258394302
7.84414388995
8.28660083252
8.98174513969
8.55550204733
12.8800179357
17.1418858105
9.44280491133
9.95785679055
8.74266568243
8.98257681436
8.24346734168
8.70670468123
8.62989121829
8.61008397046
8.64687920769
8.56260816222
7.8776644976
8.44604703053
8.45238006226
8.35885406866
8.35982197384
7.97361180667
8.42946981233
8.19311310508
7.77687752582
8.26425763179
8.15452238496
7.75580135822
8.2518986377
7.73301641017
7.71703846875
8.14709598402
8.3169313978
8.4887815549
8.40871609772
8.26550441505
8.85771072219
9.6788095949
12.8741325695
22.5112292549
11.7121403552
8.58298229097
9.02521157654
8.99565821829
8.71470596343
8.81925136655
8.15745997046
8.72219449759
8.64029239293
8.45773973063
8.58726942218
8.53729390928
7.96915439345
8.35248665886
7.81327667397
8.38991335848
8.42304861054
8.30084232468
8.13920032268
8.16412180096
7.63554508328
8.27766384098
8.16288080186
8.21976421284
8.32660465816
8.23962173312
7.83011179028
8.48231517202
7.98306859102
8.38028551139
9.21048018993
9.67143670066
15.502517395
26.1616844098
9.71479401396
9.19193765021
8.48759778736
8.98606033037
8.76503391766
8.59157985154
8.65372185854
8.71288838088
8.69019060429
8.6059011828
7.97098095018
8.5477003693
8.49524983196
8.34357500071
8.44089842463
8.43849697469
7.86075602408
8.31096056409
8.20597345688
7.8273198662
8.32587806721
8.19483799229
8.02561468607
8.22922056461
7.70293256929
8.41015142167
8.39950092838
8.51730483262
8.55911883119
8.88105452091
8.61064839228
10.5493992014
18.5647666347
8.8847033175
9.31870221233
9.09274115363
8.41721511141
8.79269834584
8.77793371222
8.1375706302
8.76011822196
8.67826161452
8.05450475258
8.64456347358
8.02926573933
7.94972417573
8.40945008545
8.44855664097
8.44606555986
8.28819183056
7.8447821615
8.2700627974
8.39696775577
7.82153439611
8.16511585827
8.29886859392
7.82659461578
8.38756022413
7.80766009059
7.88202986121
8.52320491667
8.44281478131
8.89474543048
9.50396844135
11.1178445853
16.1748767938
9.23770124701
9.5614724924
9.67336805295
8.45268595093
8.85719270736
8.82253829927
8.78526903174
8.74540829663
8.31989195402
7.99200904449
8.61052259238
8.01578305605
8.4305815635
8.51112664082
8.35751913685
8.43188298942
8.35035964199
7.86944312285
8.43484016542
8.28006769251
8.38404956241
8.30816284603
7.98283065913
7.84979389474
8.31038188975
7.88393656172
8.48022100841
8.68451495712
8.68958620422
9.72386504164
10.4939259936
12.2124667513
32.9710338788
11.8491960857
9.5127191705
9.2081170262
8.41609105236
8.88903523275
8.80501120934
8.17672726405
8.68871896479
8.22493733381
8.05432927776
8.55444428718
8.58237266971
8.56857030656
8.43643441225
7.80402932787
8.35788618993
8.42868825531
7.73109370413
8.38992916224
8.36621400155
7.89481653951
8.39288763243
7.68374225433
7.87046872593
8.40181854015
7.83259034016
8.48106127707
8.62344375627
8.45529813435
9.79050437013
10.2178450486
12.7353276074
36.6343381064
10.0945812067
9.68143811014
8.94009522075
8.40497829404
8.32192568767
8.74769217043
8.59032622821
8.77334374327
8.64048173088
8.02933169576
8.62079218615
8.56820155317
7.90781916098
8.39829391236
8.47197019241
8.00213363924
8.32551995296
7.94933008891
7.74215600535
8.43139335998
7.91454407056
8.24949639964
8.467569827
7.93379093168
8.47324786293
8.63806268435
8.18396099895
9.172083384
10.0596163769
10.5169467984
17.8036529481
22.4862382307
9.23913120822
9.41949684389
9.00548096635
8.33388615363
8.88961300872
8.91116571684
8.47014011335
8.75048847558
8.16081150582
8.00841463943
8.68528377583
8.13205989789
8.51014600886
8.37641567972
7.82327822735
8.47244358596
8.30383130234
7.90994388976
8.34382977319
8.48319582078
8.13202590276
8.36438158319
7.99436202646
7.89521977406
8.69086103723
7.98193337089
8.94751045937
9.70105444721
9.7425867794
14.1045917197
33.3953997353
15.892376279
10.1963931679
9.4116940956
8.70414206388
9.11404983575
8.36418593627
8.2986960641
8.7672608082
8.19971883124
8.6316321625
8.71009368805
8.22647389037
8.66489176275
8.59043723802
7.83831023873
8.5104551578
8.48540480461
8.09229165811
8.51074777815
7.86604091639
7.98036806121
8.44615509812
7.99550919034
8.56482650244
8.55944838942
8.30260705757
8.90632185
9.40835393017
9.45742830844
17.2194156601
34.2469627863
9.18663105553
11.5369034236
9.38129775916
9.32232661495
9.15306720731
8.94244749957
8.96365460615
8.90419834542
8.26049548765
8.69075940683
8.123079947
8.19990538256
8.59864859955
8.61984138111
8.56205680596
8.52071351859
7.95108328264
8.5702912918
8.52038703889
8.04357059606
8.66024388732
8.5645009203
8.14136920567
8.79722594501
8.28270071463
9.06984526877
9.26239762034
10.7733962088
11.9252661631
18.5749926024
11.4034639572
12.4149070935
10.2564743761
9.15267459635
9.2765303202
8.84265388101
8.87362966077
8.31083111879
8.25053653455
8.8622435353
8.21910890805
8.80230910516
8.6920689988
8.33303159387
8.49391408495
8.61274332548
8.04450194249
8.52130663012
8.59191898614
8.24484799957
8.50170071926
8.18951164494
7.9594441866
8.83752892281
8.34199122959
9.10802756579
9.3602955002
10.7006615315
12.9951538833
33.7739037482
12.2557085269
15.9699346798
11.5791132213
9.46724638024
9.33777125403
9.22518810167
9.03278179044
8.96380545372
8.3341584279
8.98154893681
8.88558904225
8.81596910514
8.67748879159
8.49938971595
8.18817212647
8.76680645206
8.08797823055
8.78493587428
8.66929181012
8.71659158523
8.64170179616
8.70897065514
8.31437770414
8.98142528868
9.37830086155
9.50197444236
10.496176324
12.8273369555
17.4616448119
10.4193889351
17.6389275532
19.2921124568
9.04048613767
9.41471768187
9.28311091663
8.82165972787
9.14731936969
8.54847999989
8.40888183477
8.98177947225
8.81706873656
8.80192639105
8.89692737626
8.34137994022
8.81409169055
8.76864004753
8.27757047668
8.82570192964
8.72573205401
8.60556643067
9.05940029279
8.54755962532
8.89954890323
10.0162130602
9.38375319593
11.8441955683
20.0785394039
13.9780857022
16.1377924389
8.91304913559
9.42042932974
9.40461061492
9.17500745303
9.28786262973
9.17780396798
8.48516108367
8.98873737769
8.99466764057
8.95993087862
8.9037201609
8.84496041394
8.20800628169
8.82152085816
8.33215596574
8.86815087877
8.9950431085
8.91849980978
9.10815874969
9.26483266443
8.90358905385
9.94484047403
10.5569275231
13.4174744623
27.4590638675
10.8460334093
12.6808644697
11.6604685468
9.79628692487
8.90032093328
8.79677062456
9.43339602323
8.75371665731
9.23938179534
9.09630989139
8.59393820905
9.16955503907
9.05659580055
8.54226898095
8.93531254492
8.99954689788
8.45648134803
9.17070806627
9.38518852688
9.85361784268
10.0356588137
9.66251893752
11.7497307043
17.0232276864
40.6760036976
22.0107826228
22.9755617107
22.9580599317
16.3953771729
13.0771577537
9.7100766725
9.83930988305
9.63421678671
8.76793770599
9.33102335649
9.39148831426
9.23408574479
9.49240081336
9.27414339434
8.73296174973
9.25493011713
8.90400372459
8.96066075501
10.1186022022
9.3742677203
11.4114471442
12.9313597562
20.2157488177
22.2418238626
17.9925326078
22.5756318144
47.831458981
18.1147360418
14.0422514139
10.670986832
10.0029716329
9.99867317377
9.79578153004
9.13707465405
9.88325304406
10.2245750715
10.0654983397
9.86807358649
10.302351783
11.0336944639
15.5772047752
23.9729691989
45.0690150483
30.2854100489
31.6031362877
47.2261939204
27.4876667846
18.3958683127
16.536438264
13.8377006364
15.4679141927
18.7957306988
15.3875210666
15.9591990238
20.2599133066
22.7434967859
21.0550745574
37.0951419301
52.9587875304
