0.0
0.250092984246
0.481264059527
0.695544858469
1.42931014702
0.809676850126
1.03587707098
1.21747474062
1.37224677547
1.55026554855
1.71738047713
1.88710096427
2.04585103765
2.20227082203
2.36115770105
2.5260738802
2.67643872498
2.70443826869
3.08707977381
3.01150542873
3.52622767769
3.82736970114
4.14689498911
4.48950066634
5.47874258223
6.25475027376
12.2875432445
23.2034544417
0.51267360656
0.691357981969
1.32049004798
0.809676850126
0.971069423757
1.21747474062
1.3193609971
1.52680037879
1.69480621403
1.71918904834
2.03545545311
2.14828256898
2.35631926314
2.47172188073
2.62406762738
2.7424465903
3.00982552521
3.031039518
3.24919136159
3.82736970114
3.94460742867
4.36055939394
5.03946700771
5.36725192411
9.53018873119
18.2594978995
0.328803337278
0.501854762582
0.736890263901
0.799409189108
0.783530127301
0.948073161838
1.16385222952
1.25116617763
1.50020651974
1.65313065139
1.69056769904
1.98555664731
2.10104284757
2.12891268128
2.4096053099
2.59374751824
2.73075172211
2.97274348589
2.92685770857
3.39968022466
3.61593261091
3.68612887921
4.04797449115
4.13651166008
4.3698728264
5.43141850872
6.26052899141
0.328803337278
0.378659539222
0.586162709921
0.700354996391
0.8532547215
1.01810723223
1.1809139376
1.34162869326
1.48925610718
1.54546878124
1.7993288264
1.9564490106
2.08979529485
2.28616191342
2.42254626216
2.36496851291
2.76291260963
2.74407091005
3.13196564588
3.29707418166
3.51558958504
3.7610501979
3.97373557674
3.99008646857
4.62766996606
5.17277953211
6.50568386127
19.9102889777
0.167368577734
0.433800744012
0.509752213806
0.672452406893
0.785273242156
0.939710884776
1.14922790831
1.27482560479
1.43919707837
1.60971860697
1.65240589996
1.92734137388
2.08529627377
2.21600456369
2.37595883404
2.55515828842
2.56702356747
2.89857940724
2.87151112231
3.03713887273
3.42958127715
3.36022114294
3.78618463506
4.06329906433
4.11630186935
4.68180384771
5.18457150703
6.84959010105
10.6997483188
0.261088000302
0.358766826102
0.478350640061
0.661291371094
0.766970536179
0.911488199694
1.1382596674
1.27204214277
1.43919707837
1.59756323454
1.6218764607
1.91278755552
2.03580704181
2.199070031
2.36042969133
2.47797982879
2.36821080825
2.79660379909
2.8194202176
3.20130854153
3.31490353329
3.53254017591
3.66505798523
3.96161490356
3.91767128634
4.4231648711
4.73058100729
5.21113434692
6.4867527189
10.245
19.6899056038
0.224612470848
0.326659289135
0.504518618182
0.648037641083
0.815777752118
0.97629584692
1.04807635328
1.28039252883
1.42668232117
1.55241470834
1.72300522825
1.8816008019
1.88284032486
2.18939315518
2.16631540751
2.32913565665
2.66642994707
2.79660379909
2.96918156865
3.1465853186
3.08196436609
3.45387279129
3.65724336266
3.77858341417
4.07404004318
4.32233950734
4.34468908251
5.21113434692
5.36684249613
7.24
9.4509486746
0.172080727472
0.319679389795
0.506088696869
0.652920594245
0.779172340164
0.971069423757
1.04320157955
1.18297135816
1.42981101047
1.46038117418
1.71155668853
1.86496786664
1.9210820041
2.17487784144
2.30348950141
2.30708466819
2.61380304022
2.79660379909
2.84546566996
3.0747610885
3.08913172508
3.20663243964
3.67677991908
3.57928245907
3.99374257345
4.02424712752
4.29021022254
4.9717038499
5.26018437967
6.235
9.05436935692
16.6288665116
0.164227144575
0.338176123047
0.498238303433
0.606881321574
0.787016357011
0.953299585001
1.0200464043
1.25951656369
1.41573190861
1.51768507281
1.69820005885
1.73398350142
1.85134717725
2.17487784144
2.17149178841
2.47246708168
2.62842162546
2.62664445219
2.92034634548
3.0952822971
3.01387445568
3.44638065943
3.65724336266
3.72570765057
4.02332585177
3.94095660963
4.12677364263
4.75105221539
4.77052666322
5.66
7.1538788605
12.7392591122
0.156024513549
0.333290193509
0.454276100189
0.598510544725
0.794860373859
0.876993806816
1.09316801034
1.25951656369
1.31561385099
1.52810396347
1.68675151913
1.72566703379
1.98406829931
2.14342799501
2.22066740698
2.45317246677
2.45299860262
2.58029190303
2.89755657467
2.8900702111
3.22172786641
3.43139639569
3.38373157272
3.8355265442
3.99374257345
3.8225964
4.39916794248
4.73696806851
5.02262766575
5.645
6.34011870214
9.43256290335
0.164227144575
0.299437681707
0.484107595247
0.640364428971
0.754768732195
0.945982592572
1.08951193004
1.15235327595
1.37036591375
1.54546878124
1.64477354015
1.83378111301
1.85809570888
1.95956735436
2.2827839778
2.27125181193
2.57871843565
2.75025124994
2.77384067597
3.023458067
3.20380946893
3.17291784623
3.5947263821
3.77858341417
3.91767128634
4.08123537661
4.08137459266
4.41772740582
4.98384289613
4.895
5.91778748072
7.56724709325
23.969563931
0.159165946708
0.323518334432
0.525453000679
0.637574170021
0.754768732195
0.924031615286
1.08463715631
1.13982769686
1.39226673886
1.53157692702
1.67530297941
1.83378111301
1.88284032486
1.98134032496
2.23102016878
2.27676455905
2.54363383109
2.75025124994
2.75105090516
3.06792068563
3.21456050742
3.17291784623
3.55174595797
3.44505936685
3.87118327754
4.10315393395
4.04051544768
4.36139081828
4.88203287588
4.855
5.68602034701
6.97373751731
14.9830198533
0.155326417292
0.344109037487
0.496144865183
0.589442203138
0.768713651034
0.924031615286
1.08463715631
1.23307367451
1.29214868123
1.4291245022
1.67530297941
1.71319233234
1.97057123605
2.10955892963
2.15337445525
2.41458323696
2.54948126518
2.54630003365
2.88453384849
3.03713887273
3.12496852004
3.36022114294
3.27041954546
3.48980039759
3.87118327754
3.83136382294
4.33560927251
4.58204245279
4.5281218531
5.25
5.747824916
5.89800141092
14.7978425814
0.157944278257
0.320377379729
0.486201033497
0.629900957909
0.729493566798
0.919850476755
1.06757544823
1.20802251633
1.36097984585
1.44475283819
1.54555286255
1.81714817775
1.89183836703
2.07568986425
2.23619654969
2.37048126003
2.57871843565
2.7193495505
2.67291454809
3.0439792756
3.18947475095
3.31901441766
3.52830209026
3.54674352762
3.60070759003
4.0549331078
4.0041962077
4.55856887465
4.7317418936
4.88
5.43880207105
6.21595296946
8.65431426639
21.0256531705
0.175745732823
0.298041701839
0.472593684874
0.616647227898
0.725135779661
0.930303323082
1.08463715631
1.13982769686
1.37036591375
1.41870561154
1.55318522237
1.82130641156
1.92558102518
2.09988205381
2.21549102608
2.25195719702
2.57871843565
2.72552989039
2.81290885451
2.97557524693
3.18947475095
3.11672685722
3.52830209026
3.46539619901
3.57957667694
4.06370053073
4.21757174258
4.516316434
4.69780522019
4.69
5.35124559832
5.85030867713
7.53780424461
11.1335307081
0.162481903931
0.298739691773
0.439098672878
0.625715569485
0.727750451943
0.926122184551
1.08463715631
1.16487885504
1.36723722445
1.52115803636
1.53028814292
1.78388230722
1.94807613062
2.08052830216
2.24654931149
2.24368807635
2.38867682758
2.70698887072
2.68268159273
2.9824156498
3.13930323802
3.12421898909
3.50485822255
3.67283188697
3.5922552248
3.99794485872
4.21757174258
4.42711683707
4.67356473917
4.6
4.88256095015
5.86620625506
7.19468165255
10.8259746112
0.152184984133
0.341666072717
0.462649853188
0.574793343652
0.773942995599
0.858178683427
1.07488760883
1.21358944037
1.32187122959
1.5107391457
1.66385443968
1.68824292944
1.92558102518
2.09988205381
2.23619654969
2.39253224849
2.38575311054
2.51539833421
2.85197703304
2.81482577957
3.18947475095
3.3115222858
3.43061930814
3.68096661984
3.81624290352
3.76999186239
4.19941212259
4.46936927772
4.61538758475
4.905
4.98041818438
5.46346761424
8.24038859978
10.3506606432
0.156548085742
0.318283409927
0.478350640061
0.625715569485
0.727750451943
0.924031615286
0.99567253562
1.13982769686
1.37036591375
1.5037932186
1.6714867995
1.80051524248
1.79960843475
2.08052830216
2.21031464518
2.23817532923
2.56117613337
2.6699068314
2.67291454809
3.01661766413
2.92786614779
3.10174259348
3.47750704355
3.44505936685
3.76975489473
3.96725887844
3.95879715773
4.40364325893
4.59599519994
4.895
5.22763646034
5.76552159486
6.93870130609
10.1717189141
0.152883080391
0.321075369663
0.450089223689
0.620832616323
0.765227421324
0.883265514612
1.06757544823
1.1300855798
1.27650523473
1.51768507281
1.55890949223
1.79635700867
1.91208396192
2.09988205381
2.24137293059
2.39253224849
2.37405824235
2.69462819095
2.85197703304
2.87638940537
3.17514003297
3.11672685722
3.27823416803
3.60368665765
3.58802904218
4.03301455046
4.24027126757
4.23932821196
4.60569139234
4.955
4.8465082849
5.80261594335
7.31450224025
10.305925211
0.157944278257
0.311303510586
0.477303920936
0.620832616323
0.723392664806
0.930303323082
1.06757544823
1.13982769686
1.36723722445
1.51768507281
1.57035803195
1.80051524248
1.81085598747
1.9353751648
2.24654931149
2.24920082347
2.52024409471
2.69462819095
2.72500545281
3.01661766413
3.18230739196
3.10923472535
3.50485822255
3.60368665765
3.60915995527
4.03301455046
4.0041962077
4.17829690879
4.64932425816
4.635
5.29459141008
5.78671836543
7.85914127527
10.4904588691
0.157246182
0.329800243839
0.453229381064
0.616647227898
0.775686110454
0.852952260264
1.06513806136
1.21915636441
1.27650523473
1.52115803636
1.66003825978
1.74853731978
1.94357710953
1.96440579227
2.2672548351
2.37599400714
2.53778639699
2.6699068314
2.72500545281
2.79088436954
3.18947475095
3.08675832975
3.46969242098
3.60368665765
3.73594543379
4.03301455046
4.24027126757
4.16890747754
4.66386854677
5.01
5.14523036835
5.86620625506
6.66638178858
12.4700017474
0.167892149927
0.298739691773
0.477303920936
0.580373861551
0.770456765889
0.921941046021
1.02492117804
1.20245559229
1.37036591375
1.41870561154
1.62950882052
1.77556583958
1.94357710953
2.09988205381
2.15337445525
2.25746994414
2.56117613337
2.52466884404
2.83895430687
3.03029846987
3.0747970071
3.32650654953
3.45406317585
3.35964467181
3.85427854708
3.99794485872
4.1857924076
4.43650626833
4.34874229361
4.785
5.39759902506
5.34688537611
8.36565557783
11.5641092438
0.164925240832
0.347947982124
0.458462976688
0.628505828435
0.721649549951
0.915669338225
1.06026328762
1.21080597835
1.37036591375
1.5107391457
1.53219623287
1.79635700867
1.9525751517
2.08536674007
2.24137293059
2.28779005328
2.57871843565
2.66372649151
2.67942591118
3.00977726127
3.13213587903
3.13545718689
3.50485822255
3.44505936685
3.60070759003
3.97602630138
4.24027126757
4.516316434
4.66386854677
4.775
5.32549369457
6.05167799754
8.36565557783
15.1932711873
0.204716727509
0.300135671642
0.473640403999
0.629900957909
0.763484306469
0.928212753817
1.00298469622
1.22750675047
1.37036591375
1.49337432794
1.6714867995
1.81714817775
1.84234913508
2.08536674007
2.09643426533
2.40907048984
2.57871843565
2.70080853084
2.80639749142
2.97557524693
2.93503350678
3.34898294514
3.46969242098
3.66469715411
3.88808800801
4.02424712752
3.99511639771
4.516316434
4.43115992905
4.845
5.54180968603
6.05167799754
10.0812685381
17.6704957497
0.169986438699
0.321773359597
0.44590234719
0.629900957909
0.768713651034
0.905216491898
1.06513806136
1.22750675047
1.37975198165
1.52115803636
1.55318522237
1.82130641156
1.96607221497
2.08536674007
2.2672548351
2.42560873119
2.40914284692
2.70698887072
2.83244294378
2.85586819677
3.20380946893
3.31901441766
3.414990063
3.67283188697
3.60070759003
4.11192135688
4.29021022254
4.53979001214
4.75598237462
5.14
5.18643341434
6.60809322499
12.085540187
0.155675465421
0.326659289135
0.478350640061
0.590837332613
0.772199880744
0.926122184551
1.00298469622
1.23585713653
1.37975198165
1.42565153865
1.68675151913
1.71319233234
1.84234913508
2.10472049172
2.272431216
2.43112147831
2.54363383109
2.55866071342
2.85848839613
3.06792068563
3.01387445568
3.3115222858
3.53611671283
3.49793513045
3.92612365157
3.8225964
4.03143563769
4.5491794434
4.69780522019
5.155
5.73237377375
6.97373751731
10.5442117179
0.162132855802
0.335733158278
0.509752213806
0.5943251563
0.779172340164
0.932393892347
1.08463715631
1.23585713653
1.32499991889
1.41696912976
1.68293533922
1.71319233234
1.95707417279
2.13375111919
2.25172569239
2.43112147831
2.56702356747
2.5710213932
2.92034634548
3.03029846987
3.23606258439
3.37520540668
3.40717544043
3.51420459617
3.89654037325
3.86643351468
4.34468908251
4.64307375595
4.84324810626
5.645
6.34011870214
7.6732309461
21.5295810541
0.208381732861
0.334686173377
0.486201033497
0.592930026825
0.783530127301
0.932393892347
1.01151555026
1.23029021249
1.31248516169
1.43086098398
1.67530297941
1.83793934683
1.99306634149
2.11923580545
2.10678702713
2.41458323696
2.59626073794
2.53084918393
2.91057930085
3.06792068563
3.05329493013
3.41641213195
3.28604879059
3.5304740619
3.94725456466
3.84889866881
4.3537688925
4.61960017781
4.7220457012
5.695
6.18560727967
8.01767846785
0.645739038179
0.355974866366
0.512369011618
0.631296087384
0.74256692821
0.883265514612
1.08463715631
1.21915636441
1.40321715141
1.53852285413
1.57608230181
1.85041404828
1.99756536257
1.99101720079
2.272431216
2.45317246677
2.47054090491
2.73171023027
2.76407363134
2.84560759247
3.26831569985
3.22910883525
3.53611671283
3.80705497919
3.73594543379
4.17329331743
4.44456699245
4.39425382768
5.13413387841
5.865
6.38132174814
11.2342884017
0.397391294577
0.326659289135
0.49980838212
0.637574170021
0.738209141073
0.945982592572
1.10779233155
1.20523905431
1.40321715141
1.45690821063
1.57608230181
1.86912610045
1.90083640921
2.14826643293
2.272431216
2.27125181193
2.62257419136
2.73171023027
2.75756226825
3.0747610885
3.29698513582
3.32650654953
3.5947263821
3.60368665765
3.72749306855
4.29165352707
4.11769383264
4.81677823418
5.44441203537
5.695
8.580534328
21.127881065
0.281681839898
0.361558785838
0.500855101245
0.618042357373
0.809676850126
0.892673076306
1.03467072551
1.25116617763
1.31874254029
1.54546878124
1.71918904834
1.77556583958
2.03130802073
2.17487784144
2.13266893164
2.47797982879
2.63426905955
2.6699068314
2.97569293174
2.90717121827
3.11063380205
3.4651109891
3.44624855328
3.87213284208
4.05290913009
4.11192135688
4.60800357236
5.07968230934
5.3232096303
10.095
20.8950946991
0.163354524253
0.410418081221
0.500855101245
0.664081630044
0.815777752118
0.957480723532
1.12119795933
1.27482560479
1.33282164214
1.56109711723
1.60851983102
1.77556583958
2.02230997855
2.18939315518
2.33713597728
2.48900532303
2.476388339
2.83677600836
2.98871565792
2.9824156498
3.3865771232
3.52504804404
3.52048746769
3.99008646857
3.93457601681
4.50645538899
4.80775939224
5.83553152543
6.73400562522
10.925
0.203495059059
0.443223608122
0.549527540551
0.65431572372
0.829722670958
0.950163731103
1.11388579872
1.19410520624
1.33595033144
1.59756323454
1.63332500042
1.91278755552
2.05155361562
2.12407424337
2.32678321547
2.52483817928
2.51439666062
2.83059566847
3.02452815491
3.06792068563
3.33640561027
3.38269753855
3.45406317585
4.02262540002
3.97683784298
4.54152508073
4.8758579672
5.81675266292
7.36425813154
19.935
0.219551272981
0.572351745921
0.622797879291
0.679428054268
0.838438245232
0.995110970308
1.1382596674
1.29291810792
1.35472246725
1.62534694296
1.77261556705
1.92318314006
2.0560526367
2.17487784144
2.25172569239
2.57996565045
2.53778639699
2.92948110667
3.06359633344
3.25603176446
3.40449552068
3.61120756053
3.6220775611
4.10397272863
4.48820593969
4.75632694266
5.48874514185
6.99982100114
9.93374911885
0.187438845136
0.634821845018
1.0420088888
0.65152546477
0.848896934362
1.00556381663
1.11632318559
1.32492792114
1.39539542816
1.52810396347
1.7993288264
1.9314996077
2.09429431594
2.28616191342
2.30348950141
2.60477301247
2.76291260963
2.77188243954
3.13196564588
3.27313277163
3.40449552068
3.7722883957
3.73929689964
4.08363589648
4.81362200123
4.71687353945
6.21966984643
0.362835529831
0.505344712252
0.875580547944
0.645247382133
0.8532547215
1.02333365539
1.16628961639
1.35137081032
1.50489955369
1.54894174479
1.80886927617
1.97931929659
2.14153403735
2.2982580082
2.45360454757
2.43663422542
2.7921497801
2.80278413898
3.16126677978
3.38941962036
3.544259021
3.80974905504
4.07141835886
4.10397272863
4.80094345337
5.33059314496
7.07771189094
0.498615251913
0.394015317771
0.691357981969
0.848238720729
0.891603248309
0.973159993022
1.1236353462
1.37920543051
1.44232576767
1.69480621403
1.83939871543
1.90031285407
2.20227082203
2.34906160627
2.38113521494
2.66541323075
2.86231898924
2.85840719797
3.28498267847
3.55358928915
3.93488008601
4.21807024186
4.2667839231
5.44213628435
8.25796083441
20.6385135908
0.401754396186
0.838983900728
1.25815638808
1.49995033269
1.43726636993
1.24672338303
1.44600851898
1.59563154341
1.61666453408
1.89664141404
2.08743337581
2.22926494855
2.47486099198
2.59854321283
2.61855488026
2.95880165179
3.02527637493
3.22638041067
3.85114681385
3.76286347023
4.82118685726
5.73984027751
9.41188592077
0.408211786568
0.660647472578
1.24402567989
5.28600438745
2.33867269994
2.07507093531
1.77709552286
1.85456253748
2.04356434048
2.18931010431
2.21801739583
2.59098350187
2.88065597199
3.03476728755
3.17223299624
3.51970356593
3.99472125519
5.96141109817
9.67593463772
19.1461429895
1.11852886932
1.75168445545
7.91089089708
5.12609420473
3.78183428836
3.71746103182
3.37876483624
4.07880315981
5.32649594821
4.66654043398
5.16036058836
6.96215288327
8.28245384939
0.78244671607
2.06884035028
13.0111689832
