9.72566787045
3.86662656524
4.77907052171
5.90182393376
8.13387815045
8.41314249541
10.3981005724
13.6456656883
5.18036109134
4.74603389272
3.47406923371
4.65047893262
5.85874183999
6.34212695969
9.41265094183
9.98038323072
10.9221044421
10.6829756791
5.61395885657
9.731284789
5.49445465465
3.06637376603
3.92705398543
5.41637730212
6.47442059407
7.7007307207
9.53420701507
10.3558812802
4.3766141452
7.2124652438
5.36353511482
7.74483094677
2.93376604916
3.8224783592
5.12001935486
6.31277141091
6.52103757584
9.69322156582
8.63094258014
10.692204013
8.20857088737
5.65102758981
5.25200680452
5.40886401662
6.25042421693
8.8811760154
2.61050072643
3.66793262327
4.67223791655
4.77255765194
6.53194845771
7.40692056972
5.83283142944
6.63135018131
4.24241967044
7.85696028443
5.22175581763
4.55664875005
5.58100642937
3.78301200465
5.62515910496
6.28644949256
7.26763225474
5.60194853929
2.58554606522
3.26356238053
4.32468484813
4.55229067362
5.64458794831
6.31086761127
5.53635185284
5.64162226416
8.18708676774
7.13894463743
4.98450603785
5.95354383722
4.41075489418
4.22572487272
5.00249035984
4.00638077029
4.61394568132
6.03257905485
5.2400653887
2.27925092405
2.91507748483
3.62481943547
4.62376331999
5.3552080217
4.8611403041
4.74959120354
5.43670237381
5.25636986696
5.46385785518
5.55532452945
8.20513534002
3.59282937435
3.88057930544
3.83929472025
4.39116297554
4.47300979556
4.85792432466
5.04587307065
6.38538281066
5.39664096343
3.1084904941
1.91656686937
2.60452738359
3.67682576038
3.62636023916
4.6924706044
4.23654615891
4.53479382522
4.18440360197
3.66677610003
3.89774066371
6.547418642
3.33619956563
3.47505260919
3.20675238141
3.87861834786
3.89060448835
3.78835059927
4.41366143039
5.56187496672
5.77346407687
5.01932971169
4.53752377649
3.54026410108
2.53036919707
4.28482572812
1.86204558329
2.32203428797
3.16261571745
3.27244672055
3.76914313344
3.47085226401
3.91319389991
4.07700718793
4.0949438106
4.23897268019
4.39359608107
4.23805502203
5.27841890086
4.44109325568
4.38206314969
3.96741559382
4.12983345101
4.80136058552
3.81093492576
3.95856867586
3.23178846857
3.66758266977
3.00433908775
3.43435587847
3.44646156445
3.40687540317
3.78453717093
3.61841337563
4.01872205813
5.55462698552
4.69005247397
4.43914119851
3.43070334542
4.8887835531
4.70604263782
3.65214344489
1.4154634563
1.93845063326
2.58868922455
2.87749780092
3.21104157635
2.84759309683
2.89386049037
3.52365129668
3.19726468757
3.52640471895
3.51278599659
3.07516116226
3.37935686319
3.46552787959
2.91186586879
3.3770418141
3.46115280152
3.36222893411
3.58139619259
2.93852657765
2.89811500779
3.34411242849
3.36877518565
3.09939599937
3.18802962781
2.89615920476
3.15316733408
3.21904427187
2.79188554279
3.05737171561
3.09369593217
2.90044404488
3.35648841139
3.20587064353
3.41684223564
3.2017045295
3.29565823109
3.62492501061
3.67699916707
2.17736441819
3.21307911684
2.51665896602
3.83514003894
2.7716063174
1.33165537212
1.56759014637
1.96656561208
2.41485728392
2.58826242396
2.58232186759
2.66425990321
2.27625538923
2.39809112908
2.94031322092
2.66485068768
2.91671047399
2.8177048453
2.84598883656
2.8104760578
2.90280909829
2.5859433879
2.95903284857
2.80634422531
2.78711612006
2.60818900952
2.53353172071
2.49608173545
2.68140919562
2.41977141133
2.55717986693
2.66950911952
2.60327372116
2.55722241569
2.54923390625
2.35950518839
2.73920166058
2.62015263775
2.9374664735
2.92552635477
2.28222518566
2.35371248892
2.88425544845
2.49361645822
2.53895809796
2.83140520687
1.95356356731
2.41583393528
2.51991754227
1.73308954243
1.02331825259
1.38546822006
1.73727573254
1.72464610439
2.03070711889
2.05298652571
2.14685095467
1.96266518086
1.89538387149
2.00124829748
2.24228476856
2.26539714761
2.22285232903
2.16451042348
2.07863522724
2.28814761384
2.25767530716
1.97435526612
2.37113857051
2.10265174749
2.11832658543
2.13289950467
2.04076856511
1.9674225493
2.08027674835
1.86744853675
2.10424823512
2.08357119398
1.9869203368
2.07167270326
2.01775817311
1.92171541254
2.20279164359
2.25003046661
2.42895586867
1.95469235735
1.94292087291
2.13051561065
2.27430197355
1.72261537009
2.66408973897
1.5856440095
2.13085190662
1.80479221035
1.58585954164
0.773510628181
0.970555429116
1.39935176914
1.41417824201
1.42019959262
1.49986256554
1.56728972966
1.51169329092
1.67018165687
1.61767636498
1.5053602695
1.69965194091
1.53275640193
1.6838271704
1.66313238597
1.65400504732
1.63249757419
1.6583398847
1.57719513003
1.57754949389
1.50114863396
1.61219619628
1.63594639679
1.44598641831
1.3583807936
1.54664557339
1.42631966978
1.71824298615
1.58313305638
1.51924405763
1.56082178576
1.59235700024
1.45633145541
1.60513510364
1.75674275112
1.43313504711
1.49268724712
1.55836315285
1.49738614725
1.49933266989
1.65352731809
1.04885478972
1.23862795695
1.60001039963
1.2800312932
0.525214639099
0.680275003342
0.821884636257
0.954825707355
0.913093559816
1.03403092741
1.01099999616
0.933813743217
1.02500817598
1.1425606696
0.971523560336
1.12526192396
1.10401314995
1.11478506615
1.10903645193
1.03424382939
1.00050307151
1.16618307095
1.00155491087
1.01540188108
1.01515493269
1.03649281508
1.02100625198
1.04234069098
0.917944451543
1.03135885848
1.06894304124
1.05843925234
1.03953608161
0.935247874838
0.893588087397
1.04534907429
0.922820448532
1.03619829354
1.04798634834
1.00131791636
0.935437880684
0.943462817081
0.974542426734
1.09006403763
1.10263144743
0.787782253543
1.07594644594
0.904272386093
1.15484390462
0.508078902919
0.257070205682
0.370830726275
0.420219493392
0.465856520824
0.473592197255
0.531265919531
0.529881928985
0.458556234686
0.486370569176
0.554979168514
0.501990622581
0.546629370845
0.560182371511
0.55747743959
0.558608251267
0.535790698714
0.493727108303
0.565632466295
0.561953331806
0.500820194158
0.533840775099
0.514658330678
0.482900699183
0.506347921301
0.456087600593
0.50836139276
0.542795613667
0.502245774238
0.515957711702
0.506620432197
0.459303399637
0.487884586525
0.493075055431
0.518178067798
0.515710126114
0.500735222579
0.447445586283
0.468193550341
0.483393988937
0.535517489981
0.531743326206
0.266149263915
0.47573456093
0.40577221344
0.420039668573
1.69387867593e-15
8.32230039256e-16
1.18806787152e-15
1.43470429845e-15
1.57662081329e-15
1.73636813099e-15
1.81424201654e-15
1.83370715714e-15
1.71197613992e-15
1.72868679378e-15
1.9471626012e-15
1.89847535701e-15
1.90420196254e-15
1.92283316248e-15
1.91354844902e-15
1.75201879537e-15
1.86644508038e-15
1.70909921458e-15
1.98454004561e-15
1.95676870003e-15
1.85933661129e-15
1.7326498365e-15
1.87226246619e-15
1.63822262932e-15
1.75122205576e-15
1.77369405193e-15
1.8095537818e-15
1.93494255614e-15
1.76214575914e-15
1.58088914985e-15
1.79099566199e-15
1.55704604349e-15
1.72445003901e-15
1.66677016012e-15
1.73482088715e-15
1.67392644965e-15
1.82922355267e-15
1.58129825549e-15
1.6178118679e-15
1.63084383922e-15
1.63088115783e-15
1.0888383594e-15
1.36821056885e-15
1.72566756754e-15
2.00574987148e-15
1.72207134909e-15
-0.575667198108
-0.388951580333
-0.239641717161
-0.367174648692
-0.434649869044
-0.454748168613
-0.508063611759
-0.50015731006
-0.495751603045
-0.521117879899
-0.468382224772
-0.551052831733
-0.54892470518
-0.53883973297
-0.548044805833
-0.561503758744
-0.489512399452
-0.551559012337
-0.55230769769
-0.565632466295
-0.579387082605
-0.522341708156
-0.43648672463
-0.518325351002
-0.466925274808
-0.517485065791
-0.498384166349
-0.51205968722
-0.555770199483
-0.502245774238
-0.447592192929
-0.495372067357
-0.48989435264
-0.46372185641
-0.475061875673
-0.472572750115
-0.443510708458
-0.500735222579
-0.434696303133
-0.461107811287
-0.444142923895
-0.43409470549
-0.652362011579
-0.39671305376
-0.381945127388
-0.543615956099
-0.649758161162
-0.596859477715
-1.03007623316
-1.05750814196
-0.504652154887
-0.664956630697
-0.944611064599
-0.926017807061
-1.0364096855
-1.01364061167
-1.08924650115
-1.00117756128
-0.93079786569
-0.975290060669
-1.0670776802
-1.13338900376
-1.13671216539
-1.122836478
-1.10903645193
-0.986448222379
-1.12094621831
-1.13109263546
-1.12373548718
-1.04452430597
-0.935805797126
-0.947541263125
-1.02828107967
-0.873897431562
-0.996616520053
-1.06278957362
-1.13853727693
-0.997084835373
-0.98688619661
-0.91601018121
-0.951541065223
-0.90791735265
-0.94311792432
-0.959118692956
-0.899707428838
-0.88141277724
-0.942489601443
-0.784124806602
-0.908431575623
-1.04312099913
-0.983945423579
-0.661757176654
-0.943427353856
-1.1884030125
-1.03774101899
-2.03305937941
-0.814799371171
-1.09063490663
-1.25336872318
-1.25803047882
-1.49396270241
-1.43456101638
-1.54661308415
-1.46324488678
-1.49653619393
-1.66426134891
-1.61142901477
-1.46961240424
-1.6798646186
-1.70898144542
-1.70016873763
-1.64205917878
-1.51076541195
-1.55407889551
-1.68517534185
-1.43245958351
-1.5551051959
-1.6002433775
-1.47799622278
-1.54053530252
-1.53837907246
-1.49165578455
-1.6405422646
-1.56323399083
-1.46918695371
-1.36434596353
-1.20748614528
-1.24785251572
-1.34529529204
-1.23338395065
-1.37889467903
-1.42241231007
-1.2942045832
-1.42565973027
-1.36230145657
-1.24652690194
-1.71630011442
-1.14146723705
-1.46289104088
-2.12789385799
-3.89530569431
-2.70978240202
-1.07765373503
-1.44670438448
-1.75742813103
-1.72464610439
-1.9656247905
-2.10893938863
-2.0889769238
-2.11173705494
-2.17886975401
-2.00124829748
-2.27490970609
-2.03865437962
-2.19051013086
-2.24430495272
-2.05061767925
-2.25364959241
-2.05519025917
-2.26080720878
-2.1796761317
-2.21389631857
-2.16520074146
-2.19789972859
-1.93013210325
-1.9674225493
-2.03552624764
-2.15692769647
-2.10424823512
-1.8570304002
-1.64490455809
-1.71199908716
-1.61935477622
-1.77771687576
-1.78051848546
-1.71108411707
-1.89246859767
-1.83980745783
-1.63283417109
-1.96112171836
-2.11741725407
-2.06682740913
-1.88761624553
-1.51137966981
-2.15058201686
-3.44316774754
-1.31685920132
-1.82494271616
-2.17060222084
-2.31257689645
-2.41005986403
-2.41920059988
-2.79854893226
-2.3912698018
-2.95077285201
-3.05540231481
-2.78119375467
-2.91671047399
-2.73688630178
-2.57538112557
-2.76963580667
-2.85887737864
-2.77877664245
-2.76165479252
-2.35475795537
-2.46711090593
-2.72532084446
-2.480982037
-2.70382524698
-2.68140919562
-2.38715575046
-2.57564881571
-2.57041255026
-2.15643752431
-2.22029360778
-2.27206292485
-2.10221094232
-2.3837051644
-2.06613671216
-2.02788131968
-2.26288036625
-2.06863143521
-2.20199116589
-2.61719475878
-2.45349232106
-2.5603319799
-1.9728048436
-2.3196999997
-2.901465859
-1.4645245053
-2.18870784251
-2.72822436376
-2.82448031976
-3.10417977268
-2.86519000074
-3.30889149897
-3.29924113522
-3.5122711892
-3.52640471895
-2.98724306408
-3.11775904116
-3.48234294029
-3.266579048
-3.39567743092
-3.53510765115
-3.57085810162
-3.28757821865
-3.47014846345
-2.91914315695
-3.34360878222
-3.59048050575
-3.14804272832
-3.24032034005
-3.1638143867
-2.65435113859
-3.15316733408
-2.41518844695
-2.55982573676
-2.66999234776
-2.69482042944
-2.59280806163
-2.86585885533
-2.54710693176
-2.77404513781
-2.6778341717
-2.82287708973
-2.51270481186
-3.14528978312
-2.92075997588
-3.33310134414
-3.43700272892
-2.49558167879
-1.84135618792
-2.29042544426
-2.91859047399
-3.62635577329
-3.71833953537
-3.40447643837
-3.99985952919
-4.7047006702
-5.74584140295
-6.25337794745
-6.66166834139
-4.36835898794
-3.64401757625
-3.98439467243
-3.33562088912
-3.24652746133
-3.83988155388
-3.80945964371
-3.77787733522
-2.93183226196
-3.3077544422
-3.18915273679
-3.07443692576
-2.94688475888
-2.86075746964
-3.3227896044
-3.12701049016
-3.19953617326
-3.27629091205
-2.76317556867
-3.28725590792
-3.26655714514
-3.19562151893
-4.24561035991
-3.27217024404
-3.0740797458
-4.25352856328
-2.70526783309
-2.05693906212
-2.95716595258
-3.52709077466
-3.44088990632
-4.62340274152
-4.04222182306
-4.40558175502
-5.56047344029
-6.41083246194
-4.62028530175
-4.35119684019
-4.28782546383
-4.16386625032
-4.31755535795
-3.33734662734
-4.24466174461
-3.8290203977
-3.45573120985
-3.51096435502
-3.66711696556
-3.37198805803
-3.96499143174
-4.07175066411
-3.8157115425
-3.88334649832
-3.37002495985
-3.3032573931
-3.7303629826
-4.17922100039
-4.53752377649
-3.98706342672
-4.87152851822
-2.41672459185
-2.99466471809
-3.60611873331
-4.78245237068
-5.15956980461
-4.7945281202
-5.24865364946
-6.53359443676
-9.209012589
-6.13823581746
-6.15129527111
-5.84202662273
-4.96612232473
-5.20324429945
-4.01700959131
-4.91886591095
-4.76387725064
-4.71894477034
-4.40433193666
-4.15010122679
-3.79020905866
-4.26521387317
-4.43929038278
-3.54701517559
-4.20552701624
-4.15156076694
-3.6636450492
-4.32311499699
-5.17690451475
-4.74847734739
-4.71640300287
-2.56647094334
-3.53206140865
-4.40079930145
-4.87177996596
-6.12890221197
-6.68401700409
-5.69928661926
-9.33543981207
-5.71054204794
-5.22583472802
-4.42368944056
-4.37662683233
-5.02290340848
-4.33610121439
-4.72677675059
-4.99562266011
-4.93151772942
-4.86591061065
-2.97063549818
-4.07526919897
-4.92124652805
-5.79348648564
-6.06984482661
-7.10459728116
-8.0660802966
-5.43812055107
-6.32662201323
-4.97719257047
-4.38982241391
-4.77678485923
-5.51929289511
-5.80549322699
-5.390841447
-5.3241426607
-5.25582208898
-6.55567595453
-3.07287597506
-3.94277339167
-5.09102248149
-5.38642958579
-6.95852490687
-7.21020856489
-10.2758117228
-10.9297175453
-5.0374370746
-7.07416719984
-4.92451386089
-6.01028530288
-8.24536455066
-3.4752236015
-4.85383872599
-5.27071552114
-6.87711434214
-6.95722729072
-9.19783662739
-10.3558812802
-3.61419163674
-4.94490468757
-6.35279452498
-6.91955885283
-7.75102990822
-10.4451442357
-9.77995481986
-10.9748439263
-4.04496696163
-5.7292044774
-7.00535414068
-7.17119763518
-9.4278573918
-9.40621865926
-11.9150333033
-9.58375128438
