36.2966866301
14.4304467954
17.835734
22.0259067781
30.3560465201
31.3982752442
38.8062396383
50.9263176519
19.3333707944
19.0353022468
13.9337306444
18.6520522348
23.4981300663
25.436881888
37.7520809315
40.0291307711
43.8061682505
42.8470751672
22.5163591436
39.0300514905
23.799097779
13.2819239891
17.0099395949
23.4609076102
28.0437966032
33.3555293311
41.2971876662
44.856249922
18.957198581
31.2406191976
23.2320229507
33.5465483964
13.802284089
17.9833467815
24.087797218
29.699254454
30.6790697243
45.6030220364
40.6053923357
50.3028649362
38.6182897525
26.5859945485
24.7087493477
25.4467045107
29.405933968
41.7826480896
13.4298619959
18.8698775074
24.0365803372
24.5526806347
33.6039616702
38.1053029629
30.0073163548
34.1153392066
21.825357153
40.4205565846
26.863604862
23.4419256264
28.7117890394
19.461909601
28.9389348639
32.3409789831
37.3887267027
31.7702289053
14.6633603935
18.5085819959
24.5265065548
25.8173233349
32.0120490105
35.7907087498
31.39821161
31.9952297799
46.4312763415
40.4869669335
28.2685384723
33.7642249263
25.0146340422
23.9652766454
28.3705326306
22.721314425
26.1669862591
34.2124559192
29.7178875725
14.3906239741
18.4050748853
22.8862092011
29.1932926651
33.8114527584
30.6920319581
29.9877386555
34.3259878475
33.1874132092
34.4974408091
35.0749386624
51.8051856812
22.6842319043
24.5010134675
24.2403528553
27.724711888
28.2414723719
30.671727063
31.8583887426
40.3157203926
34.073050057
19.6262365655
13.6370818732
18.5321752863
26.1619746899
25.8028938482
33.3886632618
30.1445922666
32.2667346812
29.7735786957
26.0904676409
27.7338659043
46.5873043651
23.7382933771
24.7262841192
22.8172288018
27.597803557
27.6830893782
26.9555151518
31.4048329067
39.5747967379
41.0803314858
35.7143866572
32.2861592938
25.1902879941
18.0045123713
30.4881192516
15.165144295
18.9114516588
25.7574380215
26.6519397592
30.6972074154
28.2678232384
31.8704067607
33.2045589278
33.3506409966
34.5236620062
35.7829685489
34.5161882802
42.9892721206
36.1698019932
35.6890403603
32.3120070198
33.6347943148
39.1039439341
31.0375742498
32.2399546551
26.32080487
29.8700638158
24.4683783178
27.9705840312
28.0691769316
27.7467735204
30.8225817896
29.4696120507
32.7298646391
45.2388064482
38.1974121134
36.1539037634
27.9408365367
39.8159468678
38.3276415472
29.7443214199
13.4672351949
18.4431258014
24.629732741
27.3775627942
30.5510198351
27.0930385406
27.533243385
33.5253026462
30.4199414942
33.5514997091
33.4219262213
29.2582040532
32.1524328173
32.9722952727
27.7045531175
32.1304065965
32.9306691854
31.9894714576
34.0747086313
27.9582128182
27.5737224143
31.8171044206
32.0517548806
29.488783126
30.3320757699
27.5551141915
30.0003832016
30.6271603969
26.5630165686
29.0889487744
29.4345506092
27.5958817221
31.9348540323
30.5018216957
32.5090823125
30.4621837684
31.3560935271
34.4888576701
34.9843101734
20.7162386243
30.5704057379
23.9444106097
43.8358512335
31.6796051706
15.2208905526
17.9176373623
22.4779478029
27.601945059
29.5839748792
29.5160740091
30.4526300419
26.0177181533
27.4103070322
33.6079339016
30.4593827392
33.3381532698
32.2065137555
32.5298012549
32.1238883364
33.1792598183
29.5574681757
33.8219002247
32.0766612749
31.8568830262
29.8117367943
28.9584000784
28.5303447882
30.648647351
27.6581137923
29.2286996265
30.5126288588
29.7555547912
29.2291859611
29.1378768804
26.969267712
31.3092182482
29.9484816907
33.5753954297
33.4389192481
26.0859532388
26.903056854
32.9671906303
28.5021665404
29.0204238542
32.3631096048
22.3293337512
27.613108235
36.0364997664
24.7843351393
14.6341328047
19.8131186243
24.8442004469
24.6635883498
29.0404647724
29.3590751338
30.7013990056
28.0674197252
27.1052521746
28.619183999
32.0661661277
32.3966885469
31.7882692955
30.9539411753
29.7258686542
32.7220353716
32.2862610838
28.2345957329
33.9088613453
30.069320895
30.293481521
30.5018839753
29.1843501569
28.1354532635
29.7493434998
26.7057582756
30.0921517317
29.7964562671
28.4142846153
29.6262999225
28.8552862204
27.4818107551
31.5013881281
32.1769347705
34.7356872301
27.953403037
27.7850629667
30.4677927026
32.5240334907
24.6345474964
38.0982582349
22.6757657817
30.472601959
34.4374868587
30.2600026816
14.7594620257
18.519300806
26.7012223811
26.9841283366
27.0990225507
28.6190826259
29.9056695609
28.8448263139
31.868964488
30.8671038368
28.7239850665
32.431291006
29.2467344142
32.1293363968
31.7344563864
31.56029639
31.1499093556
31.6430100147
30.0946758594
30.1014375246
28.6436222732
30.7625359886
31.2157168109
27.5910644963
25.9194495967
29.5117555933
27.2158005795
32.7860292814
30.2079782437
28.9889035257
29.7822538393
30.3839815773
27.7884595632
30.6278023148
33.5206485594
27.3458457259
28.4821693943
29.7353403287
28.57182975
28.6089716145
31.5511807733
20.0133416082
23.6344293518
30.5300171371
36.6553003223
15.0401794331
19.4805272977
23.5356966132
27.3426307969
26.1475784499
29.6107715398
28.9512519591
26.7409268698
29.3523937445
32.7186567259
27.8207947441
32.2232854642
31.6148001898
31.9232675103
31.7586487374
29.6168682546
28.6506593661
33.3951137939
28.6807801045
29.0773054505
29.0702337738
29.6812707786
29.2377936351
29.8487320341
26.286489814
29.5342534971
30.6105236738
30.3097345147
29.7684185296
26.7819950262
25.5890148013
29.9348808604
26.4261200988
29.6728367851
30.010402508
28.6739934696
26.7874360817
27.0172401929
27.9072437669
31.2153498763
31.5752334064
22.5591321442
30.8110749447
25.8949730849
33.0704025549
29.1078208537
14.7275422199
21.2448780798
24.0743586529
26.6889022034
27.1320788094
30.4362041457
30.3569153804
26.2706690907
27.8641512464
31.79473527
28.7590235067
31.3163756819
32.0928265701
31.9378611241
32.0026452817
30.6954285714
28.2856070907
32.4050622912
32.1942848175
28.6919697072
30.5837175224
29.4847560175
27.6653625277
29.0086529832
26.1292411383
29.1240046858
31.0967398803
28.7736411353
29.5591975065
29.0242651219
26.3134741421
27.9508892423
28.2482510067
29.6864016221
29.5450133377
28.6871016887
25.63414047
26.8227905348
27.6936230787
30.6797764536
30.4635547557
15.2476811177
27.2548147421
23.2466745388
24.064056496
27.6631380919
13.591347968
19.4026207776
23.4304992991
25.7481718711
28.3570435524
29.6288206167
29.9467104868
27.958692108
28.231597796
31.7995784999
31.0044554615
31.0979780271
31.4022486127
31.250617735
28.6126382984
30.4813613473
27.9117083517
32.4099984909
31.956457999
30.3652712371
28.2963191951
30.5763664673
26.7542058733
28.5996265532
28.9666221014
29.552255933
31.6000100189
28.7780241678
25.8178790971
29.2491788364
25.4284916201
28.1624063397
27.2204224317
28.331775143
27.3372935089
29.8734876692
25.8245602992
26.4208728432
26.6337010861
26.6343105451
17.7820798644
22.3445742855
28.1822900895
32.7563812338
28.1235593853
32.9799516917
22.2830211135
13.7290647813
21.0354215354
24.9010743204
26.0525051315
29.1069448237
28.6539931027
28.4015903168
29.8548233445
26.8335996857
31.5697955865
31.4478752979
30.870107627
31.3974658981
32.168528794
28.0441465824
31.5987946539
31.6416868091
32.4050622912
33.1930637318
29.9249364184
25.0063077064
29.6948394712
26.7501310782
29.6466995637
28.5524097675
29.3358798335
31.8400534039
28.7736411353
25.6425395591
28.3798467318
28.0660286659
26.5666073611
27.2162766295
27.0736747218
25.4087114704
28.6871016887
24.9037345275
26.4168488163
25.4449310685
24.8692690216
37.3737946127
22.7276756283
21.8816216931
31.1437372668
37.2246201222
34.1940565772
29.4975239135
30.2830710019
14.4513469271
19.0418664988
27.0501216997
26.5176804675
29.6788902588
29.0268692935
31.1919386944
28.6699742259
26.6545634371
27.9286532016
30.5571067228
32.4560145798
32.5511774778
32.1538297794
31.7586487374
28.2481811465
32.0996998241
32.3902551955
32.179574034
29.9112625858
26.7979718301
27.1340316069
29.4461174436
25.0251481935
28.5393630942
30.4343114167
32.6034418342
28.5527738903
28.2607230875
26.2310995589
27.2485709528
25.9993512704
27.0073637565
27.4655658199
25.7642498127
25.2403595358
26.9893709434
22.4543965673
26.0140766897
29.8710771359
28.1765103662
18.9502461224
27.016224659
34.0314096682
29.7170146619
38.7930839128
15.5472981744
20.8105537298
23.915699927
24.0046515236
28.5065065311
27.3730548405
29.5111356617
27.9203756922
28.5556116744
31.7559982827
30.7478972934
28.0418751633
32.0537264044
32.6093085569
32.4411520748
31.3323556397
28.8271213285
29.6535918288
32.1550610406
27.3329571125
29.6731748068
30.5344626197
28.2018479509
29.3951646797
29.3540213592
28.4624879161
31.3034111928
29.8282814538
28.0337570837
26.0332718195
23.0402081867
23.8104444186
25.6697633528
23.5343677507
26.3108778485
27.1412437147
24.6948945539
27.2032081834
25.9942603028
23.7851502009
32.7489570804
21.7804923747
27.9136239102
40.6026335613
55.7054667022
38.7516937596
15.411166405
20.6888365746
25.1323931721
24.6635883498
28.1097441149
30.1592383524
29.8737618052
30.1992468447
31.1592891689
28.619183999
32.5327244709
29.1541158958
31.3257543133
32.0950561071
29.325199051
32.2286906806
29.3905899904
32.3310493635
31.1708209071
31.6601923788
30.9638131824
31.4314304843
27.60217504
28.1354532635
29.1093815243
30.845503127
30.0921517317
26.5567719818
23.5232311094
24.4827275773
23.1578522059
25.4225357391
25.4626006244
24.4696428954
27.0635618166
26.3104724311
23.3506165334
28.045347183
30.2804774767
29.5570089883
26.9941699481
21.6137362451
30.7547556808
39.3555874416
15.0517695464
20.8591906952
24.8100969127
26.4328748806
27.5471102986
27.6515893876
31.9875606676
27.3323389046
33.7274880321
34.9234082643
31.78919008
33.3381532698
31.2827535761
29.4367409649
31.6570821298
32.677117965
31.7615623609
31.5658587207
26.9150065902
28.1992066915
31.150559794
28.3577544451
30.9048639905
30.648647351
27.2853150826
29.4398006771
29.3799498891
24.6481936905
25.3780720644
25.9697980662
24.0283810222
27.2458747035
23.6160506847
23.1787895477
25.8648409412
23.6445654996
25.1688741964
29.9146729793
28.0435455542
29.2647284427
22.5492625455
26.5142923233
33.163906523
13.9340198956
20.8241640974
25.9573209097
26.873135156
29.5342976887
27.2604618976
31.4819996607
31.3901825828
33.4170281561
33.5514997091
28.421719225
29.663495798
33.1322798885
31.0794235812
32.3077126467
33.6343025779
33.9744453932
31.279217344
33.0162571915
27.7737918893
31.8123125464
34.1611400975
29.9516258347
30.8295886637
30.1016831406
25.254464122
30.0003832016
22.9789831099
24.3551149988
25.4032802866
25.6395037044
24.6689208582
27.266825624
24.2341036527
26.3932764536
25.4778902575
26.8578814412
23.9067893459
29.9254333107
27.7891748938
31.712340951
32.7008965931
20.3248817313
14.9966426918
18.6540182855
23.7700119016
29.5342976887
30.2834453129
27.72723552
32.5762416689
38.3167120981
46.7961229058
50.9296763491
54.2549347605
35.5774289195
29.6781415306
32.4502905181
27.1664520734
26.440844333
31.2733256172
31.0255590417
30.7683417804
23.8778576101
26.939498076
25.9735647002
25.0392793944
24.0004503597
23.2989998792
27.0619496455
25.4674567158
26.0581310038
26.6832481865
22.5042590725
26.7725509115
26.6039730168
26.0262487029
34.5777215693
26.6496880388
25.036370397
34.6422101606
19.2489808305
14.6358819234
21.0413290831
25.0965549061
24.4832038575
32.8972198814
28.7619027709
31.3473430292
39.5648243591
45.615443195
32.8750381448
30.9603742528
30.5094634802
29.6274478456
30.7210026687
23.7464551453
30.2023376594
27.2448958042
24.5888052192
24.981809468
26.0928930252
23.9929417324
28.2123799829
28.9720113925
27.1501983789
27.6314460957
23.978973563
23.5038976401
26.5429118199
29.7367025693
32.2861592938
28.3694303877
30.7576205607
15.2585985523
18.9075688998
22.7681376145
30.1952158992
32.5762416689
30.2714591811
33.1386949293
41.2514917714
58.1434171824
38.75529569
38.8377498352
36.885104438
31.3548623498
32.8519915769
25.3624003916
31.0564970958
30.077937207
29.7942446914
27.8078574362
26.2027079067
23.9304381851
26.9295005521
28.0285763783
22.3949724375
26.5526525688
26.2119230805
23.1313444786
27.2950738603
32.6856887214
29.9807060445
29.7781966032
14.5551800016
20.0313156527
24.9581730701
27.6292371501
34.758731689
37.9069441173
32.3222605886
52.9439100844
32.3860932967
29.6371814853
25.0879894999
24.8210841855
28.4863007822
24.5912519852
26.806883051
28.33158397
27.968026842
27.5959503821
15.2825947822
20.9654425237
25.3176185895
29.8049041661
31.226644579
36.5499844747
41.496385783
27.9767049203
32.5476486857
25.6054360267
22.5836785289
24.574427731
28.3943004288
29.8666734956
27.7334750156
27.3903395067
27.0388606351
33.7260290593
14.4567448349
18.5492904133
23.9513776545
25.3411588119
32.7372857944
33.92136431
48.3438932305
51.4202782515
23.6992781358
33.2813400079
23.1680161845
28.2761692025
38.7913903287
15.0528471876
21.0242853393
22.82997712
29.7880548577
30.1350621617
39.8402074471
44.856249922
14.4957309068
19.8329294391
25.4796671554
27.7528347154
31.0876829712
41.8931853486
39.2252563224
40.9586751381
15.0960222158
21.3816821966
26.144337578
26.7632739256
35.1852427927
35.1044859435
44.4675096619
35.7670467204
