1.31222107601
0.782945905394
1.291192329
1.99499495149
3.30309943926
3.99122099652
5.64625270595
8.35047174385
3.89059541573
0.68507712027
0.752591050774
1.34420724905
2.1187561062
2.75537029174
4.77727826148
5.797951386
7.15061939699
7.78638428659
4.5107246507
27.1320396764
0.852943699409
0.714385802716
1.22073829052
2.10655430221
3.02505372697
4.20327365404
5.95660872109
7.29141041553
3.78183428836
20.8215503086
16.0823879038
24.1074176198
0.739507061713
1.2856118111
2.15448996072
3.19125398356
3.8510712516
6.5522695932
6.57494056564
9.06790783777
7.67433779404
16.9839124187
16.4045277347
17.5474733109
21.0502552141
31.035061321
0.717002600528
1.34420724905
2.14228815674
2.62889085118
4.20327365404
5.45558555763
4.841646693
6.12804418987
4.32182374528
22.8248369212
15.8
14.348960767
18.2769154234
12.8752667878
19.8848996474
23.06924427
27.6729296779
1.12655575356
0.780329107582
1.31421196534
2.17889356869
2.75537029174
3.99122099652
5.10765280523
5.0497045315
5.72865338123
9.16455604794
8.73852836507
15.2625205062
19.0045371137
14.665
14.6219309467
18.001357406
14.9830198533
17.9221325562
24.3253766656
21.9243899105
0.763581601585
1.30305092954
2.02724257631
3.10658592831
4.20327365404
4.36725190813
4.80879545534
6.12804418987
6.53139191174
17.7964275898
18.8821462552
29.0740329262
13.26
14.9052018879
15.3358635069
18.229068502
19.2865632407
21.7442827021
23.4349980089
30.7587658333
29.9884582152
18.5298954429
0.72171283659
1.30863144744
2.31137029767
2.73864573761
4.13990159547
4.27818112351
5.16077300168
5.30147886417
5.12131343591
13.6596449339
23.9706983862
13.84
15.0030591221
14.3979064092
18.0983551335
18.855984705
19.0599449799
23.0411818899
30.1148237585
33.5931224742
30.262440664
28.3417500524
22.9043406557
16.9544792312
29.7313782556
0.800740130517
1.33234864851
2.27040709858
2.82226850823
3.7974487405
4.00261838361
5.08568445846
5.89882859535
6.53139191174
7.39333972548
8.32318901072
8.67048073829
11.6054459824
10.449412159
10.9931760976
10.5776517175
11.6683626557
16.7232922993
13.9225952925
15.1466385008
14.6994276859
17.375
14.8124950344
17.6092171505
18.3652282607
18.855984705
21.7442827021
21.5717187591
24.8489423059
35.6098597328
31.1639457648
30.5645508406
24.4710017813
36.1196701313
36.0095134113
28.9394677133
0.709675566654
1.2967728469
2.16669176471
2.89334786325
3.77185617839
3.82865200741
4.38485805508
5.94397712154
5.94560829593
7.1708742163
7.75856186432
7.33507187458
8.66267343958
9.50673240213
8.51678775857
10.4973072989
11.4013967691
11.707349506
13.1521037483
11.3580719124
11.7688215901
14.2439172405
15.0283053875
14.4618641326
15.5400948061
14.7320176402
16.7210838023
17.78
16.0485864142
18.2769154234
19.2203115457
18.7161864792
22.484196305
22.2829389144
24.6322888976
23.9307615459
25.5315282649
29.0989950905
30.5789113412
18.7557308962
28.6643910734
23.2502156593
0.768080407305
1.11050198507
0.800740130517
1.25770922161
1.97407757323
2.91216298664
3.64633075468
4.16405918073
4.841646693
4.60514967173
5.3483761404
7.1708742163
7.05896408531
8.34388617923
8.66267343958
9.3634009771
9.85877388325
10.821775143
10.2163286869
12.3571877784
12.3601105798
12.9201814069
12.7026689872
12.9423599827
13.354737071
15.0054443546
14.1463439719
15.6005400314
16.978032901
17.245
17.6297533042
18.2769154234
17.5809480503
21.1990029706
21.0502552141
24.4871336105
25.2942854231
20.4584308251
21.868883589
27.7684247385
24.871197789
26.2299197693
30.294367154
21.6455548235
27.7185858225
0.630555444579
0.867601488024
0.768815197209
1.38885139225
2.17889356869
2.59857759683
3.57442784207
4.13622456053
4.87449793065
4.96112843594
5.28159299202
6.09804989168
7.4211352828
8.09712584572
8.53844029793
8.89757384577
9.11030231916
10.657996136
11.1441979271
10.301646717
13.0481770429
12.178460352
12.8902199289
13.6134754437
13.642117489
13.7560865862
15.1950620263
14.2343777837
16.7210838023
17.245
17.1147152293
18.5577726334
18.7846003177
18.5819801823
22.1113716213
23.4349980089
26.2391350094
21.8929220626
22.5548428152
25.6279419982
28.3417500524
22.2352100493
35.6139543625
21.9512045065
30.5470129473
0.601933498022
1.05815274002
0.774572152396
1.2967728469
2.33926013535
2.84003834698
3.3319078487
4.02766954178
4.74309298002
5.09310105097
6.20320043969
6.57000942984
6.64055512423
8.09712584572
7.84739344751
9.22558229919
9.71551174794
10.2686347231
10.7404934155
11.5329192329
11.5681174113
12.178460352
12.1751819637
13.7151596045
14.5761038474
13.4755290523
13.2247432574
15.7132132064
15.1066677669
18.955
18.1756936636
18.1391364147
19.3673640851
20.5223795574
19.4843915428
22.2829389144
25.2942854231
21.3942362676
23.0960583515
24.9851543885
24.871197789
25.7949848751
29.4623291547
19.353182201
23.6668639663
31.6581446129
1.28081152898
0.788702860581
1.36304149696
2.06036175855
2.87557802449
3.21247589216
4.16405918073
4.58822285963
4.71802098721
5.70900514167
6.95880429167
6.4268516226
8.03906459078
8.47632372711
9.1594293338
9.71551174794
9.62896954472
9.87122644314
12.1622362967
11.016230769
11.7551549014
12.3471036603
13.2230082664
13.642117489
14.5670732078
13.4017995523
15.7132132064
16.978032901
17.51
17.8975731031
16.7454487498
16.627829739
20.2036396024
18.5150473654
21.5717187591
22.6282448705
22.4162343166
21.7052602873
22.6839747458
24.2741840726
28.1235593853
29.4623291547
21.798379665
30.8298556597
26.8313745526
35.4852816026
1.01662233894
0.771955354583
1.48581289075
2.10655430221
2.8055439541
3.3319078487
4.27818112351
4.80879545534
4.63293338015
5.41706737874
6.75920906849
6.64055512423
7.80923878996
8.60055686876
9.1594293338
9.78568095707
9.97506857842
9.74099918136
11.7962747433
12.3601105798
11.5940740662
12.9839953997
13.1294588385
12.9025355309
14.1506206184
13.3155413574
15.4878668563
17.239830096
16.615
17.7636632036
18.1391364147
17.0907729188
18.855984705
19.7826512897
21.5717187591
22.2671558566
22.4162343166
20.7612797007
22.5104220912
24.077366364
27.6284027366
28.4120516802
14.7267574537
27.2589664147
24.0763031173
25.8094721301
0.966018068725
0.712292364466
1.35676341432
2.04990306942
2.706241914
3.48180714109
4.16405918073
4.74309298002
4.92987176396
5.48766670703
6.75920906849
7.15794254922
7.75359675397
8.41420715628
8.96097043761
8.7477614053
9.90399466972
9.61077191958
11.7962747433
12.2669349129
12.2683659344
12.0110748898
13.6134754437
12.4756910866
13.9489698908
14.7592311465
15.7132132064
17.5161715795
16.615
15.5129468163
18.2769154234
16.5134555417
18.9957829309
19.0599449799
20.5842395353
20.6001282425
23.3397265296
20.9123165946
22.1697446581
23.1523231331
23.9816409319
17.1719549177
22.3445742855
29.1836156997
35.1269182888
31.2343770148
0.575754888366
0.778258776466
0.71961939834
1.47116403126
2.17889356869
2.73864573761
3.57442784207
4.02766954178
4.49905521456
5.26501274686
5.21671793359
6.7113893796
7.26142003422
7.69795471798
8.41420715628
9.22558229919
8.57526209952
10.2686347231
10.8967661297
11.7962747433
12.7435642858
12.0923008355
10.6161647611
13.2230082664
12.4756910866
14.4618641326
14.5503955167
15.6005400314
17.6519182732
16.615
15.4099392013
17.7363977739
18.229068502
17.9221325562
19.0599449799
19.6731723942
19.1497540367
22.4162343166
20.1697185331
22.1697446581
22.1223104576
22.3958013948
34.8569361828
21.9512045065
21.8849548777
32.2551966472
39.9245985714
37.9821320301
0.515195038029
1.05815274002
0.757824646398
1.33234864851
2.36802153045
2.78881939998
3.64633075468
4.08194705116
4.94332909527
5.05837141544
5.18428040438
5.94003700666
7.05896408531
8.09712584572
8.72737820086
9.22558229919
9.71551174794
9.18398507282
11.0595502069
11.7962747433
12.3601105798
12.0923008355
11.3819977729
12.0882130322
13.7393196892
12.2130201495
14.5503955167
16.1920742005
18.0833988352
16.495
16.9911060913
16.401001228
17.7062150283
17.5474733109
18.9222866352
19.9670650204
19.4265889473
19.7319502842
21.868883589
18.8529605921
22.6274759099
26.9124329878
26.2910367804
18.3111946453
27.0326922448
35.2620370126
31.8870213906
1.35654343683
0.815917557827
1.45721273651
2.09522405565
2.52645295718
3.50496231633
3.85231143457
4.680519194
4.92987176396
5.55826603532
6.75920906849
7.10845331727
7.00121965865
8.60055686876
9.3634009771
9.93186680943
10.1944706444
9.93959575558
10.8078365291
12.3601105798
11.0583866376
12.6128008276
13.6134754437
13.1687850358
14.3566550573
14.9771465864
15.1545420467
17.3755767896
17.245
16.8674969533
16.2897181825
14.9830198533
16.0823879038
17.9988285727
17.1221843993
19.8538776138
21.234164284
20.0249748432
22.8575274005
22.6274759099
21.4456359338
30.5808064652
21.0620417923
27.9519310603
42.1029585138
0.974716899522
1.35654343683
0.809637243078
1.45023708914
2.20416873409
2.59857759683
3.45987065927
4.24895477231
4.74309298002
5.33794498148
6.07154223288
6.09804989168
7.52911178889
7.28668749546
8.41420715628
9.22558229919
8.98750620318
10.4973072989
10.1447036929
11.7962747433
11.9945752713
12.8227836926
13.1754536527
14.0283468197
12.9025355309
13.7560865862
14.8681888665
16.4408941288
16.7210838023
15.37
14.1686974408
15.3358635069
15.0756084892
17.1895898527
17.8726417567
17.8216488495
20.4436563365
20.6061895791
18.9551301784
23.5903052755
26.386694146
26.6782372755
25.2339393223
20.9231101182
30.8298556597
1.37957710465
0.791843017956
1.46418838389
2.17889356869
2.78881939998
3.39527990727
3.90102201991
5.08568445846
4.8378382298
6.58100225054
7.45155499891
7.36714702976
8.34388617923
8.41420715628
8.47309231781
9.71551174794
10.657996136
10.9781581683
11.5329192329
10.3711684598
11.436739297
13.2731364348
12.6739137982
14.4662230994
15.0054443546
13.955667962
15.7132132064
16.3477803947
14.285
15.3069315863
16.2897181825
15.663818647
18.4477738855
16.599302068
16.9047038559
19.5650064027
18.5437236368
20.459205913
25.1972742997
24.4710017813
26.4507328694
21.1078492439
25.702359707
33.2905872583
0.734273466089
1.46418838389
2.28348045999
2.84003834698
3.64633075468
3.85231143457
5.01372460454
5.56542409423
6.53139191174
7.1708742163
6.59781442391
7.43667907073
8.92666886559
8.96097043761
9.93186680943
10.98864432
11.7627774205
11.4474141971
12.7435642858
11.2831505937
13.577906715
15.2932977797
14.0436048376
15.1194208528
15.4220572762
13.5020021457
16.7210838023
13.34
14.7146378002
15.9611682387
16.7422039364
16.7310516718
19.1976033247
17.704091799
19.9983132193
20.0151545628
21.868883589
20.170675192
26.1570734859
25.1593107991
29.7351284987
31.7528341137
0.715090687434
0.791843017956
1.31421196534
2.09522405565
3.12749162097
3.74626361627
3.92607317808
5.19831727329
6.80700856454
9.16455604794
14.7135220535
16.711966642
12.3422887355
10.8830809606
12.5500455931
11.0583866376
11.3077588585
14.0283468197
14.5761038474
15.1194208528
12.257743493
14.43155584
14.5055038378
14.565
14.5292240932
14.668165234
17.7062150283
17.3070203624
18.3831247851
19.5321039337
17.0855285073
21.0740923004
21.7052602873
22.0026198796
30.2836847782
24.1756888077
23.5221234386
33.7048241347
0.678795210864
0.774572152396
1.48581289075
2.2172420955
2.59857759683
4.07896692377
4.08194705116
5.01372460454
7.04490656795
16.7658274258
12.7435642858
12.63173433
13.0777708705
13.3206250607
14.4662230994
11.6957421963
15.5400948061
14.6287338964
13.7637451188
14.565
15.8322704227
15.1397933791
18.5013880195
19.7339175635
19.1976033247
20.2727133516
18.247031502
18.5437236368
21.7052602873
25.1972742997
28.3417500524
25.7949848751
1.08746831725
0.809637243078
1.33862673115
2.01678388718
3.21320496085
4.04971828135
4.30740747471
5.31407877742
7.36441921485
11.4428154527
15.0622049194
15.8870656268
15.8519618828
14.1340983469
15.5100902059
12.5242636638
16.0213247358
16.1920742005
16.7210838023
16.255
15.9404284185
15.1397933791
17.7062150283
19.1411730858
15.8765957582
19.5321039337
19.9983132193
18.2974590467
22.3786331057
27.7684247385
26.386694146
27.1466287
0.774572152396
1.42233449964
2.2172420955
2.94874794878
4.33367385149
5.40965843432
5.19831727329
9.47945401884
18.2288417213
17.375
15.3069315863
15.749200533
18.7846003177
16.8428902525
19.0599449799
20.9016435715
21.4005422233
21.8929220626
0.815917557827
1.49348610286
2.25646217974
3.19125398356
3.90591245613
5.2329085961
6.69539510372
5.02537826168
18.3791327035
15.06
13.8236219306
15.6432166802
18.7846003177
20.5223795574
19.7826512897
20.2727133516
20.7566001485
26.8428403242
0.774572152396
1.32607056588
2.14228815674
2.72296646812
4.10943425962
4.87384199562
7.82798063061
9.26933972386
15.1397933791
22.0960056506
15.9761412522
20.2415124388
28.8132330674
0.809637243078
1.50883252709
2.04990306942
3.21320496085
3.7974487405
5.74645733864
7.29141041553
0.782945905394
1.42931014702
2.29742537883
3.00623860358
3.93394240512
6.06794720186
6.4028626541
0.740156557005
0.819057715202
1.54789615238
2.36802153045
2.91216298664
4.47260490297
5.10765280523
7.29141041553
6.52917148028
