10.286918045
7.78638428659
10.286918045
8.87515836056
8.01559988111
8.59905775807
9.16862378081
5.19555347579
4.29258295193
3.95396900548
3.47296355334
3.93313122416
4.10504292005
4.10504292005
4.15192792802
3.83241528111
3.95396900548
4.46970409315
4.12761718314
4.5773659633
4.8378382298
4.89861509198
4.89861509198
5.26501274686
4.77706136762
5.72865338123
5.56542409423
5.98912564773
5.98912564773
5.52548501336
5.56542409423
6.22355068758
5.37441109879
4.06163087563
3.83241528111
3.62751043146
3.69870618431
3.69870618431
3.30105185745
3.68134136654
3.77511138248
3.77511138248
3.71780748385
3.6101456137
3.77511138248
3.33230852943
3.28716000323
3.77511138248
3.36182871963
3.6101456137
3.57367949639
3.39308539161
3.68134136654
3.52332152486
3.34620038364
5.02537826168
6.12804418987
6.52917148028
6.98412970576
6.0811591819
5.4108772161
5.72865338123
5.12609420473
5.44907981519
5.19555347579
4.60514967173
5.23028311133
5.19555347579
4.63293338015
5.16082384026
5.19555347579
5.30147886417
5.02537826168
4.68850079701
4.60514967173
5.19555347579
4.68850079701
4.96112843594
5.16082384026
4.9941215897
4.9941215897
5.26501274686
5.23028311133
6.58300241535
6.63856983221
7.04490656795
6.32253014885
5.98912564773
4.08420513873
4.10504292005
3.5580511604
3.91229344284
3.95396900548
3.59104431415
3.87235436197
3.93313122416
3.45733521735
3.87235436197
4.19707645421
5.05837141544
5.26501274686
4.66071708858
4.41760963985
4.80658155782
4.34120444167
4.4436568665
4.46970409315
4.3168936968
4.26827220705
4.15192792802
3.69870618431
4.01821883121
3.95396900548
3.73690878339
3.85325306243
3.5059567071
3.34620038364
3.77511138248
