13.0566634783
15.7930073119
12.1026429633
12.8225458113
16.8334154091
39.6756270048
39.7836992659
38.1990790512
11.204956182
13.7492601603
17.3241554395
13.778018364
10.114087323
14.1895085316
20.8570674494
32.7514427695
35.4823630085
39.9291846082
35.428190713
38.8817777043
31.7314695326
38.9095661592
11.9822274715
14.0162910492
15.2531565788
11.6925282184
9.17010631881
11.7038577168
26.474158997
34.2165160887
36.4167193035
33.6047150221
39.2014831742
39.3150666462
33.6925629013
35.4081103606
36.8267465006
34.1335981303
36.7441273123
35.7509285514
35.8774891202
36.1120635567
38.2416801791
11.0539910259
10.8250600951
14.291188656
10.1987407445
8.56453505045
15.7003407159
23.025998897
32.1981395673
35.3303686782
32.9706706878
37.111391088
36.0975603151
32.1862094585
34.9317469269
37.2473813014
33.0383103183
35.9408986437
34.888782179
31.1479831807
36.6585351237
35.9254036531
35.2005627219
34.1722918139
34.2537937203
24.8133790044
23.3858029824
36.6408967691
28.0750498234
9.4283818205
11.8649462036
12.4413017502
8.60088284631
9.03011655475
14.0131539635
26.1299006524
30.622455667
32.1117971599
29.2198559739
29.9697754864
26.4001236239
29.9871419258
31.0684701434
29.3755290232
29.4960257334
27.6435832629
24.4197318208
25.5663168717
22.5256759086
26.3769422162
24.9906768249
26.1927837869
25.7261720324
23.7093467554
21.5749610581
24.0958261425
23.6356691436
25.1868522674
24.4406568391
22.8600154911
18.395616004
18.0300158409
25.9461048841
20.3089948366
9.97641051428
12.0935220699
8.27817358486
9.79722661416
11.4300823721
21.5132375397
32.8832454372
19.6493449632
19.4591030907
19.3962572908
17.296669262
18.8645477074
18.91040422
16.8694496074
18.6107596874
17.9062357086
18.168648687
18.1844073437
16.513982629
16.406568068
17.7125937663
16.1767803892
17.6869369159
17.3137847256
17.0546981339
17.3651115622
17.4464185326
15.7583177476
17.3458496399
16.9370182346
16.6423551074
15.4017170095
15.0329701956
14.216601182
16.9060485113
19.3020731953
18.0964978425
10.5221164462
11.0482903975
7.00610736399
8.98384437771
12.6363740146
17.9643453485
30.5490624427
19.2376661743
19.0514101112
18.6068710489
16.8296354246
18.3466732299
18.0257056716
16.2181535236
17.1742916376
17.3084031067
15.2263299425
17.3333439081
15.8723098082
15.962950979
17.4581915215
15.8378562484
17.4313556304
17.179182085
15.8545926619
16.776998941
16.7363865634
15.5272358147
16.3066227774
16.3556043417
15.247636423
13.997056829
12.8241295292
13.1145511184
16.5518452751
19.8676835822
31.8050718153
18.5408993379
8.54632852644
10.7593103217
9.3598251449
8.23687010795
13.3111588891
18.9126916481
28.1423625918
22.1402532746
19.1593389346
17.0487146279
18.3854039799
17.948472779
17.0669665616
17.2101352596
16.2807424501
15.6139151182
17.0564556318
15.9151433352
17.3096937543
17.1971035212
16.7424843696
17.182931484
17.4073553339
15.545289069
16.4456472536
17.2137623161
16.596010843
16.5525573252
14.3958188996
13.5836385386
14.1857434269
10.9979814904
12.4079818939
15.0892650546
20.9343274633
27.4608371489
29.0943173524
18.1239077179
9.34049386477
10.5654087107
7.93061071276
9.00486452815
13.48461544
15.4648526056
25.2745872924
26.9087452043
17.6142148322
18.6679523618
18.2191483544
16.6476275185
17.7050166836
17.6252789809
15.7178919986
17.4497230075
17.5943494547
16.3652246725
17.2653602923
15.5518066553
15.3503921865
17.0291499915
15.4104842222
17.1155821609
17.4605024858
15.7273652145
16.7913275828
16.5171541845
14.4264588845
14.0158118378
12.54484752
11.3159243497
12.0590720173
15.5781050054
19.2463103148
25.0985428809
26.182608755
17.1195766077
9.59268600287
11.4167554185
7.9274984677
9.41562071536
13.8191237672
14.5850997539
22.0660828847
24.621067842
17.9155769068
18.4924007128
16.5352955178
16.0533515326
17.5318064315
16.7601853264
17.3685748859
17.3970517082
15.6692463523
16.9674100287
17.5753781104
17.2196120287
17.2215258697
16.7457815443
15.2445370579
17.0734949578
14.8081897239
15.5649730999
16.3998809267
14.7851871358
14.9300540501
13.7747203501
10.8915730868
11.9838136322
13.1569935861
17.1216240606
24.0474640145
20.4669812197
26.4754316542
18.2484224582
8.97100300516
10.4648800559
7.89035162279
10.5764993276
15.4987005999
14.5684147542
21.1861922353
25.1645855781
18.2337621928
18.7097601073
18.7780896319
17.5375197624
17.5866249703
17.3855333613
17.6709937075
17.8321860434
15.9996208046
17.6310564624
17.5224200581
16.8033540553
17.799707849
16.5680090576
16.1073956707
16.8998940665
14.7286088496
15.4953497183
16.707387436
15.9628611272
13.8389469699
12.5813482121
10.3607546233
13.4018210832
15.8014105192
19.7476404258
22.0647731718
16.2892718084
23.3495140968
33.5347984211
18.1765924871
9.57872770663
10.2918012986
9.22094209357
9.5870887472
13.5195102414
12.9820292385
15.9258752103
21.8327475299
18.4318455515
18.9322147524
17.164018918
17.974958636
18.1602357529
17.5599145772
18.2599185158
17.8983781435
15.5983995247
17.6965019804
17.5874623237
17.6035782429
17.2289120109
17.2283404922
15.5961936199
17.4795624502
15.3443551749
16.6762442609
16.0514232923
15.0343540428
13.748574632
11.273650421
10.3095966537
15.2464952595
19.4847687037
19.9715908373
19.724490105
14.4159674764
19.758746954
25.1357894622
32.2644164343
16.4020292456
8.14283654423
9.59970485148
9.88285113171
9.9995009462
15.4750960749
13.2117600041
14.7455185643
18.8384355376
20.6768608918
18.8671802876
18.5126234465
18.4411290212
16.3558657228
16.06125018
17.2716057952
15.9012726608
16.7204752059
17.2359228845
18.0611849287
17.5369351761
17.416778129
15.5165619847
17.0312226395
17.0246295443
16.5065578196
16.7372014373
15.7490729919
12.4089704675
12.8153075967
10.466704617
12.2490601655
16.9005909664
21.0456372777
21.2140606082
16.3030226997
12.1921551008
18.2015838706
21.8658196097
17.8661560733
8.96606792788
9.46197134598
9.61575073314
11.6508139451
17.5127520164
16.6206307141
16.8186261505
18.611929
18.8551125139
17.9411170092
18.577278967
16.0890754973
18.28418381
17.7872289352
17.3040153493
17.7468862294
17.1203082631
15.7229021779
17.1746825541
18.3047233503
18.6264183361
17.9020124462
16.8226604523
15.5031141692
16.808213391
14.8164285517
15.4357220698
13.8672567242
12.1706524076
12.5730715999
14.2009459315
20.7147746449
20.6833259205
14.5288064948
13.1786588432
12.4128179872
13.7760327783
15.1139634108
24.0479867622
30.8868333524
16.7413376401
7.90616567241
9.69001927214
9.38682396119
12.1291686371
14.9208707945
11.9569459947
13.286171042
17.0260919889
20.0501492308
19.1663624603
18.0555919402
17.5743556382
16.9761420832
15.0838536873
17.0755290172
16.8594169312
16.8942476431
16.2991559014
17.4861062952
16.4587926087
17.5255340429
16.2282734817
17.4088956723
16.4727727021
17.1277867478
15.7082252138
13.9790650592
12.0183381725
11.6861446879
11.994843049
16.1607511784
21.8435736866
18.108472672
12.7074620975
12.8960774882
11.2456991991
13.6854488609
16.9750164179
16.4924877316
9.33431032436
7.81427610945
8.84340530555
11.5857443388
15.6040485383
13.2405656629
12.5219397292
18.5685408032
19.4647252383
18.0128588163
18.8537950041
18.6250837884
16.7327497996
17.1741611914
16.0867144815
15.3247837143
16.5246069706
15.2606698102
17.2433595914
17.8453898525
18.3257888855
18.8381318259
17.4624214228
15.0583038816
16.6276898565
15.3654075096
12.9484264493
12.3365109692
12.0637338747
13.5432433511
23.6817430852
18.9833083054
13.774459268
11.8531300809
12.3496444191
11.9475872303
12.2772075412
13.4018821053
21.1466568523
17.5135037817
7.55357773939
9.00025937045
8.50219163848
11.4172872402
14.7201549773
10.7306690796
10.9892941225
16.0268018881
19.5417940838
18.6553702396
18.4327513097
15.6973196916
16.7277334638
15.6736707525
17.103261282
15.5175537045
16.5251555302
16.6902166222
16.9928364442
15.4927982669
18.398348214
18.9262940938
17.3615085548
16.7977548431
16.7979312103
13.0972859699
12.4694311219
10.600601202
13.175126691
18.4593063963
22.9622737438
14.9220570358
12.5239951748
10.7900979455
11.7351991167
11.2051680012
9.39042507359
11.905863695
17.8376559184
19.9102889777
17.3678022197
7.23014968601
9.11870787393
8.44395300439
12.866016599
16.7336869842
13.941888013
10.7578484273
15.074613552
20.1579906395
19.9085492687
19.4752013935
17.9316102522
15.4742267458
16.6425217544
15.1045099755
15.6012866178
15.7567728719
16.4240810832
16.8655071639
17.939187672
17.8162745292
18.1633003139
17.249698942
14.1388909124
15.6124550849
14.5360023314
11.1256842237
11.8091171625
14.9212768
20.5674650077
22.2358098714
14.4499637466
12.4741665517
11.5832059426
10.0725737352
10.9968922671
10.5694326445
10.7703108652
16.9316667347
22.9582995718
17.20815856
7.20951452239
7.80246881367
7.45448054398
12.2879837762
15.2246977597
11.6662028908
11.1134271424
15.1200858788
18.7913340863
20.9811744851
17.4075329486
18.1055800257
16.5629895667
15.3570106236
17.7048972051
12.7337155283
13.1819571237
15.882488674
17.0090014026
20.1534324399
20.2173957311
15.462316962
16.9753474457
16.1290409061
14.0734361198
13.6400265252
11.8330866547
12.7260626655
16.3793499618
18.8813547597
15.7582865335
12.2905606199
10.4180650341
10.7624168978
10.4933618649
9.78946922654
9.7200510847
10.8455909961
14.8848513009
23.9306809032
15.9586625027
6.5321321747
8.0681079996
7.00559881326
11.0442191792
16.0000881287
12.3525910546
11.6513768291
13.4914720379
15.97331825
20.4615749728
20.1875125516
17.0299012639
17.5626870589
17.3311541187
15.4649906869
13.4358860223
13.9541696742
13.7734383101
16.1478179667
17.0495517262
21.940206066
20.8459862069
15.3100434097
16.1184278927
14.1211527046
11.8427358507
12.2310564632
15.4206715306
19.1984225834
20.9860514936
15.0822957531
11.1471170326
11.5642201379
9.52313631023
10.3309459823
10.1318582419
8.44258238398
9.73318092652
14.2417776331
18.0880616025
16.1542354033
7.30261847604
7.41944699301
7.28927009085
10.9673123668
13.7649270059
12.2191066066
10.6467766095
13.6703454958
16.3149514365
17.9216743945
19.6563634925
19.7781095849
15.5455525197
17.1573980712
14.9092556155
12.6822851678
14.6344115416
13.885871236
14.93213545
18.7607639163
18.4480545461
17.7822029834
15.802295057
13.2104364216
13.1009153563
11.8163156208
11.7094399992
15.1289665547
20.4409967205
19.775476138
13.3683428377
10.6756574277
10.276247035
9.95638451157
9.17673975186
9.58213462947
8.83189553014
8.65757494622
13.2508571037
19.3403273783
15.9416480485
6.71926102279
7.35590575827
6.34992260032
13.0794972837
13.2476532829
10.5165123797
11.28987603
9.98698393586
16.2506136991
18.2503457998
17.5093112331
17.7706304954
17.3687589141
15.4007951794
16.1435788713
12.6452256933
14.6647076648
14.1139777866
14.2563368444
15.1394909707
18.6749649947
14.6765997179
13.7481792713
12.7139999619
11.2376978264
11.955741036
15.0941136913
15.3679629737
16.5836600223
15.4866487866
12.6590130538
11.4172211821
9.75856682054
9.1091180338
9.46367519246
8.46193420266
8.50000074566
8.86010751939
10.4285272152
17.8603198832
14.9353759655
6.11121710331
7.09765878359
6.29103833937
12.0471104221
13.4024919491
10.1608493612
10.7798296818
11.241866493
11.9902135922
17.5321755025
18.3567161429
17.0713374997
17.1629771652
16.7648759393
13.4613200414
11.9757400691
13.1140246473
13.6694109819
14.2717874374
14.2993341964
15.3642775736
17.1023037531
10.6799633759
11.4310796064
11.5856529275
12.0980034679
19.2679768575
19.7663078366
14.222240992
13.5877833779
11.4285646541
10.004519113
9.50088996172
9.26277378525
8.80677231177
8.91531861442
8.16551677861
7.38185593124
9.26387383123
17.123267385
13.1167248564
6.2109375432
6.2585793715
6.2257432159
11.5499551141
11.3740876425
9.13919629714
11.0991515582
9.57915927819
11.8237410547
15.4554403587
14.9975927255
17.5312117969
16.6146331636
16.7026351801
13.9968914566
10.7184829616
11.7534146562
13.1053072268
12.4226111685
13.5938256469
14.2161835514
12.0758481019
11.6252185573
11.7979333259
11.2691540663
16.9257950443
12.1008222219
14.5362206537
10.9569352441
9.85870243744
9.5467048023
8.60127898313
7.84630366621
8.54740483124
7.05808911345
7.62744883166
9.60472856563
11.4856927829
16.8693933829
6.21747777598
6.29147447319
6.61723213962
10.1353506945
9.01347669453
7.61546697202
9.88696619704
10.4487765565
11.4735441275
10.3178165355
11.7324650234
11.351939402
11.0645423559
11.5858700299
11.2818962916
10.3909361079
12.2152817435
12.8455591016
12.8741710882
12.7904315405
11.636199648
10.7243804929
11.6418252675
10.7928269714
12.7325726571
12.2683627267
13.3931041555
11.1536165442
10.059497255
9.25765142335
8.02587130398
8.02514507615
8.07385349249
7.57955689804
7.00438074832
6.98393575012
10.3700507456
12.5502275084
5.3083371592
6.76954907713
5.92300631039
8.51796633554
6.61584983723
6.09689515567
9.86608708874
11.2254032986
10.7177425067
10.1123764517
10.3542043514
8.89122176813
9.6040481767
10.0860767139
9.51462877575
11.0289855126
12.3313832248
11.8682808339
12.3897311767
11.354425749
12.1233276611
13.9848019888
11.8450154522
11.6550795227
13.2799248807
14.2040329682
14.8132918519
11.7087121867
11.9993860108
12.5301397562
9.32524082746
8.6567066828
8.0575885283
7.29381485661
6.82873579028
6.81604828203
6.18249807083
7.20769235761
11.5772035725
14.4595348283
6.53993352539
6.20982971517
6.58968651109
8.29958600235
7.65426931612
7.20605363932
9.45598459588
9.81722283801
9.40384451073
9.75697738616
8.98357913534
9.42789323066
9.71068573421
9.16064767913
9.55455267295
10.7381984964
9.78442538751
10.9464610313
11.7937554034
11.7170433778
11.8329722259
12.0534138069
10.1807313953
11.1859123908
10.3265145897
15.1481525208
10.8691837729
12.6333348483
12.151048931
8.00839310267
8.07565431557
7.82201239945
6.77966297022
7.06447955458
6.84478619593
5.85474341425
6.45695760072
8.09624525262
11.9107907857
5.16670498033
5.56394075675
6.02348333768
8.16394574437
6.48146668091
7.09735336485
8.97526339315
9.25404246606
9.89351900919
9.32465567132
8.52687397439
9.2557189774
8.09562246269
8.36660450248
9.19357989268
9.02205528516
10.8740271674
11.0765933998
9.86424220691
11.0290574713
11.5236561438
12.4020916401
11.2553437225
10.8861074387
10.4431230666
13.6346465478
10.1453440675
11.657336362
9.31889889489
7.65050528539
8.09549968508
6.43967560373
7.1425
6.78924640464
5.78820214639
6.07342660967
6.23995900612
7.10755614181
11.2692125999
4.92638409229
5.17664617507
5.39861738099
6.77468764564
5.84447824485
6.78760047859
8.27176820207
9.66520298608
9.03524093894
8.30578037699
8.85116399233
8.63750814196
7.75600300586
8.4496886636
8.52130625242
8.89675909422
9.96574261605
9.2525431198
9.19553218472
10.9781495818
8.87794611595
12.1834957792
10.8360377721
9.2080116563
10.3877703851
13.3533879396
10.8370166517
9.50068063583
10.2376600976
7.69448719977
6.66806990138
7.16574663811
6.38640930047
5.80477085854
6.1099970963
5.61676690216
5.3551159987
9.43506668962
9.72576078067
4.27804048065
5.28223180845
4.71291581861
7.46056879676
5.21116159914
5.11052664357
8.62537395577
9.11200007212
8.01319824444
8.67186853586
8.64112928539
7.43409477861
7.45114998907
7.32440657093
7.47451122201
9.09133340982
9.04143979972
9.48918294037
9.73894103671
8.94220499703
10.2788848725
11.9453976616
9.31686841144
9.24305443308
9.39186943586
10.1406044339
10.5055809938
9.26167926773
10.8952615804
6.64841864969
6.79142788834
6.71044621202
6.33083671294
5.80272644742
5.62344264041
4.93112474085
5.1900784233
8.92666886559
10.408116546
4.56537334876
4.68078924442
5.21282732757
6.67532641525
4.39383860849
4.97338744156
8.09908745593
8.55602155466
7.99835413042
7.97252236617
7.23287342371
7.44451683805
6.74035639809
6.63
7.39412303351
8.60096846085
7.7783886446
9.05457394994
8.14025030745
8.02931154965
9.0973703596
11.6787300557
9.67761047579
9.19513286758
8.08371933404
10.0545723588
9.09351672646
9.00050408712
8.98376656649
6.85921973142
6.64096356372
5.39358909337
5.76029155385
5.61609551619
4.87649688153
4.97218514206
5.13312981509
5.31260482737
10.3526801282
3.60485814266
4.45251015141
4.50809270687
5.76234131609
4.05645904933
4.32933919595
7.02651560626
8.11690850796
7.74539561391
7.45203168016
8.0385018797
6.86656592847
5.90360490203
6.63413565002
6.39745742286
7.20889900883
8.1816944149
8.39481841311
8.08393374681
8.56210794679
8.79279816612
10.6958141031
9.37289197685
7.56212901839
8.52356800983
9.4865309821
12.3843426523
9.48454066642
8.48755333983
8.04232699689
6.64473833478
5.80427415074
5.7350633959
5.6641056852
5.12386068515
4.93559336082
4.64757318907
4.35879516761
6.51008351271
10.4833717315
3.95223047581
4.03458409069
5.21961575434
5.41637730212
4.5839971656
4.57489047455
6.6650344367
7.17201990396
7.47011104859
6.92927103312
7.36458263196
5.91801048165
6.15736980603
6.54465531522
6.38331128069
7.95950523573
8.38649371038
8.13134516046
6.45357934242
8.30169139662
9.01026658031
9.94550184713
8.26533121857
8.0591744908
7.99235993999
7.41601571061
8.90491720779
6.804642081
8.63612681602
6.31444446011
5.61716542623
5.13373757262
4.9137090984
4.34223476352
4.58936107283
3.98064692362
4.1426330239
6.09804989168
9.78699157042
3.82947822515
3.89507792514
3.70840548359
4.64364214951
3.43035957115
3.68975164101
6.64607459951
6.44394428182
6.04430989015
6.58808225371
6.25154220408
6.18485678121
5.5840476372
6.13125660648
6.14362091857
7.12595748478
7.75124211995
9.63656560919
9.67487500264
9.41784286759
9.44970122945
9.01034556054
6.70286899222
7.44871634349
6.49372519774
7.51561980254
8.15117160726
6.70088786538
7.75980418807
5.323498265
5.60363827853
4.28332885711
4.51459780783
4.40353088307
4.31873404563
3.88432864984
3.87184386443
4.36761790417
8.39622490601
3.13880282453
3.55942726787
4.87090793096
4.69884952389
2.94703062961
3.42979375382
5.54196378342
4.87922474016
6.1089598865
5.79703703311
6.24681941354
5.45299175156
4.70999092593
5.51447550875
5.79598916047
6.86093027094
8.06090354864
8.66525798044
7.89107243519
8.82127210338
7.93286948869
8.69772282529
7.39260122546
6.89478601567
6.50148876393
7.14560687147
7.34020232339
6.69431562597
6.23797616272
5.16563568148
5.18065131292
4.32642769652
4.27289848792
3.83252900951
3.53645638648
3.68640090254
3.41887351046
4.86735842
8.78005089664
3.07690667911
3.19594996526
4.21110411203
4.20532354632
3.43839557328
3.76593119605
5.11059905741
5.69928661926
5.18502537282
5.23987189757
5.6849982635
4.56833482533
4.87610305023
5.05206553604
4.7689427341
6.24387773909
7.93211756075
7.65278299208
7.9172952098
8.02791200925
7.97290751777
7.83555240625
6.11539867672
5.55389416858
5.96670704113
5.96451996272
7.94026111193
5.25275909681
6.54137832746
5.02290340848
4.16622739523
3.86477653667
3.91389334395
3.37134971885
3.44144127835
3.33596350531
3.14464531767
4.35826419602
6.94776059831
2.45608835113
3.02442069155
3.25995549562
3.31937463351
2.60281158625
2.44858308212
4.96493138134
5.17139940086
4.29205236992
4.7204443386
4.83530549418
4.53007277832
4.54148777069
4.28984511238
4.21499609047
5.36162898126
6.14304433637
7.55976660672
7.27945547178
6.67567830636
7.11003287408
6.84713743926
5.64923210062
5.37479540578
5.28664895461
5.70499239828
6.13300851346
5.3931202372
5.83854045053
4.00544384952
4.04114193185
3.57008102572
3.41706979953
3.27327391194
2.9634598581
2.69769183867
2.8329171928
3.66860294131
6.42325189892
2.60929689197
2.38215780572
2.76418657821
3.1402753949
2.12598829288
2.4588159187
4.48048521881
4.3134837901
4.42425641243
3.95366990816
3.84027905945
4.03021339301
3.80945202574
4.07594466188
4.2877057624
4.66087828023
6.29378859088
6.725603344
5.49668070941
6.50166131888
6.39001386495
6.03139596167
5.20387925574
4.55720932173
4.31428355236
4.94404509955
4.8476136752
4.67634954619
4.62659894557
4.08754783454
3.6459994612
2.96980238071
3.1165854182
2.94766035407
2.60685352702
2.67366114612
2.53418579539
2.34842224742
5.4126117415
1.89878566971
2.1480460487
2.56396351483
2.69399012554
2.13072642027
2.3418039494
3.51550509216
4.02874807228
3.87417698046
3.48482948299
3.6894320712
3.65024712249
3.46825205905
3.59389226234
3.39027272011
3.98930908547
5.29800078275
5.11850451712
5.7305669238
5.63412975953
5.06670869472
5.28149664407
5.2938929512
4.52076495265
4.48328557062
4.77888658699
5.38451633988
4.87181628882
3.57574850396
4.34384524743
3.03762863866
3.21491030038
2.87109704658
2.50824077046
2.61231533156
2.42870879087
2.11203897758
2.20696735926
2.706241914
4.92045052804
1.94200039688
1.60335683545
2.563050918
3.09476443095
2.17163761059
2.55015838277
3.0970550875
3.17364507577
3.55041581135
3.48559311415
3.12151742735
3.28769881038
3.25062385391
3.19054905518
3.51878185976
3.42166730822
4.06895264796
4.79540645145
4.36313786892
4.83244521681
4.79933496455
4.52998853143
5.15463132182
4.6439077503
3.84535550937
3.84556655952
4.2187201163
4.94172178857
3.36889911453
3.56530850687
2.93414573108
2.79732099698
2.19113618488
2.24267184032
2.1871797355
2.00240383617
1.97479545471
1.68874902747
1.87559158393
4.02249634623
1.29347434989
1.45611727945
1.8710227371
2.27479112744
2.00573573403
1.90918956206
2.13352261253
2.33886725591
3.25387789614
3.44099982917
3.61550257174
3.11663544416
3.2059290829
3.57032753179
3.15010833837
3.96317130927
4.02182459877
3.76684105357
4.05566860396
3.94792176898
3.49096597236
4.01457330164
4.39586066311
3.50873261674
3.58069571521
2.96880170267
3.26361715788
4.07436113273
2.74174883599
3.19300970571
2.52104504175
2.25147780912
1.95190662441
1.75289045922
1.62807664616
1.7472106146
1.53414641364
1.54494608975
1.73414593728
3.2194684127
1.23602886514
1.10273165
1.36598398592
1.97285032187
1.7544770708
1.55228276869
1.56460783336
1.66525634064
2.2827918782
3.49974962688
2.89372452424
3.23190787345
3.25088213324
2.99300092318
3.15691297204
3.30340232519
2.9469271385
3.23316516381
3.38629458989
3.00609053597
3.17047027567
2.93509270143
3.03015749767
3.13069576656
2.56617606574
2.61231047903
2.92866681802
3.52884076309
2.81575103947
2.42580072416
2.2426359846
1.78608747536
1.88007728142
1.43710012546
1.48760479307
1.47742912011
1.3362927786
1.27504182285
1.23652197719
1.17337213897
2.51331313028
0.83424998975
0.802778597896
1.44513040764
1.54950575927
1.25126407574
1.1890405514
1.02202107092
1.44891593411
2.0204015344
2.34832370149
2.50944605733
2.525252051
2.29887192605
2.38001884574
2.49127939881
2.16212215088
2.36677520313
2.19810676707
2.12456355336
2.32328464786
2.15548288277
2.36156309489
2.63966049811
2.06805633227
2.10923978519
1.95992944576
1.97778400182
2.47425177034
1.78859492655
1.81661289158
1.416853972
1.2981831457
1.17938411358
1.15039622173
1.02152730996
1.08052196358
1.00542857626
0.884823122807
0.914366813606
1.61071541066
0.58351290287
0.547519706718
0.93999104863
1.13026520832
0.89859823931
0.670618031792
0.684976369697
0.925170129456
1.21289241804
1.53614193219
1.63959333615
1.52478531486
1.62643184496
1.46977017826
1.4901821438
1.63602067028
1.42059165269
1.68653403644
1.54397916142
1.43391124358
1.60238053381
1.54297124737
1.5953891254
1.55048718934
1.39334256676
1.23978473181
1.40852744014
1.83051154149
1.48157316247
1.1436392633
1.1699477371
0.905881143299
0.920647870023
0.749005444595
0.697951548127
0.713243900371
0.653703017628
0.598582604427
0.615429698192
0.368071251762
0.829735534102
0.279417233943
0.272755845351
0.49740065022
0.577736605933
0.424200200035
0.363595472582
0.336145807901
0.428525203466
0.703474763333
0.707370228999
0.70486280738
0.8420926704
0.669400837345
0.817937064872
0.830763852197
0.695297871162
0.797212740372
0.843395471436
0.735371405876
0.806840504234
0.785130721181
0.756341368994
0.841820317838
0.709245573252
0.630895706157
0.659484321212
0.636260742863
0.815865991374
0.523886316723
0.580178818057
0.504823908651
0.403098000611
0.383709321188
0.383621201692
0.34455011669
0.353994084845
0.319003340084
0.284766494068
1.50509091615e-15
3.00115214507e-15
1.06662952751e-15
9.75317349459e-16
1.18806787152e-15
1.72079116749e-15
1.50537143702e-15
1.27568663176e-15
1.16846402603e-15
1.8591081138e-15
2.28605197127e-15
1.9402645933e-15
2.28975780511e-15
2.30000707142e-15
2.79718653344e-15
2.62726081443e-15
2.85590189931e-15
2.75685310447e-15
2.68814679907e-15
2.78076000259e-15
2.79182032511e-15
2.8308263519e-15
2.75465686655e-15
2.65364848088e-15
2.43891973486e-15
2.25144620839e-15
1.97246381139e-15
2.08576818226e-15
2.65355924729e-15
1.92624939574e-15
2.08854292621e-15
1.82613975285e-15
1.48890549438e-15
1.19226983768e-15
1.23151477026e-15
1.27390546344e-15
1.14694391578e-15
1.18299953751e-15
1.068065417e-15
-0.333340962952
-0.829735534102
-0.274010283723
-0.269618717417
-0.392244894976
-0.475333096787
-0.401636359607
-0.400838458101
-0.321282805598
-0.492476470758
-0.709662178793
-0.644154047236
-0.723982360402
-0.702140677722
-0.687012192539
-0.801585066667
-0.797714482471
-0.71432426514
-0.821944095424
-0.7768941263
-0.74963931674
-0.806840504234
-0.69904466519
-0.681317703038
-0.695139504881
-0.57147730958
-0.594660771268
-0.619986792896
-0.831808062478
-0.895366827139
-0.512068207351
-0.605783648548
-0.524583615137
-0.447806285675
-0.383709321188
-0.383621201692
-0.326012428373
-0.353994084845
-0.333380191295
-0.283429562171
-0.887843196112
-1.69306567862
-0.592930026825
-0.569127740974
-0.661823327202
-0.88967968874
-0.888185745228
-0.723616254346
-0.72886738834
-0.972393791057
-1.30293997075
-1.36587820777
-1.39722163749
-1.16399200106
-1.53297042726
-1.58708210992
-1.56365127696
-1.67006271605
-1.46075323913
-1.46577659751
-1.641051768
-1.61343523704
-1.57002228394
-1.55871257386
-1.27114637149
-1.30598971946
-1.16059601464
-1.15054013235
-1.34254344914
-1.09786976101
-1.15041407895
-0.931345330526
-0.961443391605
-0.767301760799
-0.686375490896
-0.739164839306
-0.703755162857
-0.617568006471
-0.618637846054
-1.1492975991
-2.39191220456
-0.864586353014
-0.830478640662
-1.15224089944
-1.52917240644
-1.19817383626
-0.944895047178
-1.00336348545
-1.66860529266
-2.12812192233
-2.1027540823
-1.90947241816
-2.01581610614
-2.19375452188
-2.40377859207
-2.44097084875
-2.14210250134
-2.464830874
-2.42573601355
-2.18456280185
-2.41953850183
-2.37869812952
-2.00699140214
-2.08457159423
-1.74077218794
-1.57440355955
-1.84335024961
-2.71809633024
-1.70066801268
-1.69677768984
-1.32204589952
-1.41055929367
-1.18667220152
-1.07714684876
-1.10846580442
-1.07433576913
-0.884223998702
-0.927721208054
-1.53952537553
-3.06951483629
-1.19001763835
-1.17030269868
-1.22820261597
-2.21120455237
-1.47767345227
-1.24833444779
-1.24546928192
-2.1923234075
-2.81175659267
-2.63970550022
-2.50411907662
-2.66436989778
-2.87049575829
-3.02130034659
-3.25347105784
-3.33809071794
-3.28527311793
-3.23316516381
-2.91171517002
-3.15978147326
-3.04499674783
-3.14763168287
-2.67839157996
-2.47825674574
-2.03826982402
-2.39601639226
-3.02296035218
-2.2302777178
-2.17105620245
-2.01775817311
-1.82745131015
-1.6016666607
-1.53331647298
-1.4685155206
-1.27857548459
-1.36340569067
-1.21033806324
-1.73527083811
-4.18545276234
-1.25253610447
-1.33687755005
-2.17358589347
-2.27479112744
-2.00573573403
-1.6669724903
-1.64070650745
-2.81920878288
-3.54398887712
-3.47094388536
-3.48933082436
-3.63465931908
-3.90360555174
-4.00304348354
-3.55308762315
-3.21304424758
-3.94142126281
-3.49489672023
-3.74363109627
-3.86899588036
-3.8045064347
-3.63188915598
-3.25887659738
-2.62483531864
-2.58427371789
-2.67836700824
-3.41693828231
-2.8560506267
-2.99862045742
-2.39385981784
-2.25147780912
-1.7070258738
-1.91576966118
-1.65452680116
-1.72729351247
-1.68383575466
-1.42944234146
-2.52645295718
-4.35399254456
-1.58055223264
-1.64615477182
-2.27838334249
-3.13641671132
-2.39306356131
-1.94633731736
-2.47495277882
-3.56080086738
-3.77791418604
-4.16280578866
-4.33617930213
-4.20536195417
-4.59144280395
-4.44354632653
-4.1126139783
-4.65918531219
-4.50040279436
-4.56215914672
-4.53404871745
-4.02931468098
-3.96681704562
-4.39816855929
-3.65064015252
-3.29203986787
-3.05430021035
-3.07254155482
-4.17860190072
-3.06695257156
-3.9376181968
-2.7702122827
-2.73839354103
-2.51137257923
-2.17671090384
-2.09952558579
-2.17126142006
-1.87000375843
-1.85289959676
-3.04673358513
-5.16769166945
-1.96577297685
-1.82066679255
-2.93840674032
-3.94689585314
-2.89793337364
-2.2099565163
-2.43659621733
-3.55329080053
-4.7047006702
-5.07351933998
-4.34029795517
-4.86026723239
-4.97001820804
-5.18071400149
-5.35485024313
-4.85523273447
-4.7022509682
-5.26715086622
-4.64606514985
-5.05387810821
-5.37292592404
-4.80136058552
-4.51678731925
-3.80945964371
-3.12942752877
-3.63438614103
-4.91931016512
-3.7146835174
-4.383118652
-3.18480849194
-3.19268276217
-2.69539708824
-2.47964840319
-2.51985260559
-2.2827365741
-2.34123782626
-2.14908581261
-2.74449355093
-5.90143225808
-2.12805130315
-2.02080364616
-2.95716595258
-3.96104494623
-2.94814782802
-2.61490928882
-2.77015542596
-4.53479382522
-5.19589716838
-5.05479566696
-5.42757625311
-5.18422133294
-5.29353135091
-5.7536422008
-6.05630077579
-5.44745139948
-5.93508896772
-5.95711335126
-5.12657349058
-5.99753570103
-5.23511434776
-5.06416912415
-4.52113233164
-3.7991459942
-3.8452037228
-4.00285366977
-6.73145757733
-3.99279130895
-4.47434607211
-4.08754783454
-3.15448181232
-3.34373527164
-3.17625992223
-2.82761988716
-2.83935371538
-2.72016900587
-2.32948925659
-4.0751178143
-6.63337521329
-2.55301863615
-2.61356188892
-2.67475525107
-4.20765798614
-3.469378265
-2.63956324642
-4.0586958562
-5.36917027726
-5.52143420452
-6.01956467381
-6.04872234762
-6.46434678764
-6.87142885626
-6.71204367354
-6.10069180844
-6.52251739907
-6.08948425012
-6.05402557646
-6.23428325036
-5.77312543099
-6.32389704834
-6.10698420187
-4.64600393603
-4.51136876317
-4.44303475973
-4.28466812419
-6.07475373853
-4.76825846929
-5.11419528216
-4.03299521566
-3.95943720088
-3.43937454165
-3.52590980056
-3.35323174796
-3.01276867438
-2.87397183714
-2.72866008799
-3.89319214329
-7.36329757814
-2.66561120085
-2.62369630897
-3.92355031417
-4.15861694996
-3.28296834998
-3.08168648903
-4.15623079467
-6.14692845123
-6.70359480918
-5.9234075615
-6.65825909558
-7.81016057545
-7.93251318607
-7.66699587159
-7.55652914151
-7.04262912007
-8.09561529935
-6.96319516615
-6.92029039257
-7.26921596314
-6.41922097604
-7.30646879824
-5.96469494798
-5.26746494254
-5.59369030484
-5.81753438647
-6.87404044368
-5.01907159945
-6.42062348216
-4.98503866838
-4.0870489202
-4.17202413767
-3.9377756795
-3.2617912541
-3.62890746329
-3.31707050811
-2.96639554078
-5.31593861119
-9.44742234368
-2.96145855802
-3.23930747076
-3.5708570842
-4.98017223001
-3.83132958221
-3.06806509176
-5.16594919327
-6.54897874549
-6.63135018131
-6.46009070346
-7.37785394136
-8.25850302095
-9.07561930775
-7.61004992501
-7.92363075102
-8.42288673688
-7.98650079189
-8.4938652034
-8.87902538038
-8.82127210338
-8.49722840192
-7.9512502484
-7.07186587402
-6.66651620025
-6.34542559392
-6.55396490353
-7.40960540704
-5.81602403273
-6.5082075555
-5.20244163584
-4.4624785813
-4.38113324904
-3.73106779093
-3.99253519082
-3.98753500721
-3.37648224259
-3.51388282135
-5.61361565208
-9.50219593636
-3.44715375775
-3.47359561234
-3.73951626785
-5.33128228941
-4.80953367238
-3.30591841661
-4.40806868573
-7.65962784295
-8.09388787119
-7.73711890453
-7.17686806707
-9.93061511349
-9.49772264304
-8.59540723083
-9.89694560467
-9.64708306812
-8.7023511658
-9.63656560919
-8.59836932283
-8.62202349914
-9.74849839195
-9.10029590917
-7.70573519451
-7.44871634349
-6.11998561801
-7.58231004481
-8.4770744261
-6.81316338015
-7.68751335151
-5.66874970833
-5.19168209626
-4.40935920917
-4.65588924444
-4.40353088307
-4.02710481189
-4.0636799311
-3.7651332355
-4.76896235209
-9.99080395433
-3.61500944545
-3.54261643152
-5.70881447938
-6.84162180529
-5.1500056004
-4.11494540976
-5.09901865829
-7.90077533411
-8.68411486075
-8.1702685859
-8.69799675654
-10.8540695945
-9.34191519667
-10.8729930934
-9.51658297639
-10.7646930269
-10.7056159507
-10.4263285317
-9.9519985405
-9.8872661511
-9.26472318281
-9.46510284057
-8.48521944343
-7.08465250582
-7.42017732855
-10.4666037948
-8.99258320524
-7.30983228367
-7.29311084993
-6.17860938359
-5.1621228087
-5.264568645
-4.9137090984
-4.62429138656
-4.70103729824
-4.13274015258
-3.68942483534
-7.28668749546
-10.0769311715
-4.30358651505
-4.3945284674
-4.4091463466
-6.39135473454
-5.05012309878
-4.04840037957
-6.27666924255
-8.24115909448
-9.1844048267
-9.00275720188
-9.35419426861
-9.5632193518
-11.997345787
-12.2026968526
-10.9484658476
-11.3408289285
-11.3936306925
-10.3551343205
-11.4961903705
-9.93981458027
-10.4549061868
-11.0276226188
-9.20713699023
-8.24401423866
-8.31265318918
-7.66509978922
-8.57526506465
-7.09819083368
-9.11326952045
-6.59604406912
-6.337769978
-5.55472795394
-5.22178091504
-4.64470629227
-4.87840224424
-4.30351740687
-4.47925506808
-7.30128526234
-12.3049712024
-4.4903615487
-4.60066529822
-4.11810776992
-7.76596491415
-6.58689689462
-4.90659608129
-6.29985979958
-9.16187070567
-9.0637817998
-10.0431424198
-9.07337009121
-12.4882274329
-11.8232481081
-11.8875
-12.3202211514
-12.0091795603
-10.2546731308
-11.9960868926
-11.8005660268
-11.7238097017
-11.8834550305
-10.4851266779
-8.74838963118
-8.96760024305
-7.9627543253
-12.3099328558
-10.3464809488
-8.41037983591
-8.75110610813
-6.49455235329
-6.46286987203
-5.45719273834
-5.62000091985
-5.48173916413
-5.31295456979
-4.75495375236
-4.71280400559
-6.97086872861
-12.9750302509
-4.4130205087
-4.64087693019
-6.19498211163
-7.41388875644
-7.54124437624
-5.76986118377
-5.70202727645
-9.0466615595
-9.88348740108
-10.9771515289
-11.7551711964
-12.8995510194
-13.2441115384
-13.0513416978
-12.111304784
-12.9213442664
-12.4650757459
-11.2587943703
-11.0858158609
-11.9941345298
-11.0404730605
-12.5644879397
-11.1852782388
-9.87507950648
-9.55042381304
-9.62731154784
-11.3506106852
-10.0200973914
-9.08600767285
-7.40896445489
-6.92853612296
-6.21145273528
-6.21264920122
-5.56718330255
-5.05219296315
-5.20745623155
-5.13306779782
-9.78568095707
-13.9001571758
-4.82996020436
-5.26423748091
-7.20982288807
-7.91351089131
-8.52828591649
-7.05457749613
-7.03838589402
-7.21930309686
-9.09858552169
-12.9924905897
-14.6165748513
-13.149979414
-13.3559846933
-13.7025031403
-12.2535934237
-12.7803538088
-13.2218488112
-11.3148069881
-12.6819768643
-12.9788914126
-13.423996692
-14.2100414655
-10.2965061897
-9.88370747569
-9.56789070888
-9.33650265483
-10.8370166517
-9.58087630461
-9.55829006444
-8.52082314187
-6.66806990138
-7.02444347913
-6.54725220137
-5.77208107897
-5.96485010646
-5.46226036925
-5.44470388659
-11.6190389885
-14.691520152
-5.16670498033
-5.24608945451
-5.1356823135
-9.93711043093
-8.61429639952
-6.4685904263
-8.01745315037
-7.63031205975
-8.69448902161
-15.5036809161
-15.4487248788
-13.1278252249
-14.116366872
-12.4349890679
-13.9849351001
-14.0517107373
-12.9342144767
-13.7558959975
-13.8076160418
-12.5782606788
-13.4891529401
-14.0860453674
-10.7923699652
-11.1661719471
-10.2764774857
-9.7166130184
-9.821528021
-10.9368647668
-10.8205099935
-8.67420094519
-7.87517912403
-6.92062621879
-7.0075
-6.66338251273
-5.54469343178
-5.55710129489
-6.59504013318
-8.95637992912
-14.1926096019
-4.74714577789
-5.83919066411
-5.49844221945
-9.14932868802
-9.25052768027
-6.65025039897
-8.86921705532
-9.95227798351
-10.8915307886
-11.4539819692
-12.276390488
-11.7372829588
-11.7829726053
-13.2173711622
-12.4775635464
-12.6311601334
-13.8839757714
-13.298287867
-15.149851299
-14.8993376492
-13.6652717516
-14.2501200029
-12.1734541633
-10.3331746749
-10.4055216438
-10.7330839385
-15.7469238318
-12.1672940002
-9.31000613393
-9.00773571283
-7.61411123805
-7.07261400728
-7.2906398996
-6.25064734972
-6.30602866177
-6.25450549699
-6.94827496161
-13.1848765252
-16.5922898831
-5.88258097294
-5.83028268146
-5.55111248099
-9.43109232671
-8.86081687711
-6.20213109655
-10.0659151486
-10.9044844562
-11.3577082755
-11.1565162513
-11.4515158303
-10.530832379
-12.8994247626
-13.402952253
-13.574948934
-15.0978046044
-14.7254476019
-13.9702924257
-14.5494975453
-13.5416534312
-12.9795396591
-13.9848019888
-13.3729005897
-12.6872980017
-11.1926403914
-10.4313247908
-17.675232518
-13.0356798213
-14.5177032802
-12.3010006264
-8.52495101175
-8.71625166818
-8.6123181975
-6.80128866371
-7.60994316469
-6.58696006377
-5.69076886055
-7.29939327819
-13.815084455
-15.1960699526
-5.87365412016
-6.15906005026
-6.28476180521
-10.681567199
-10.4533519751
-8.79282314565
-10.9090215685
-10.4487765565
-11.4735441275
-11.4364887681
-10.5581669108
-11.1110031305
-14.2322978827
-12.7039566805
-15.1608017036
-14.53428761
-15.429291421
-15.7934980144
-16.5077652823
-16.0691715117
-15.0419976603
-13.5019653514
-14.2740039838
-12.3128519556
-10.8611775866
-11.8144027009
-15.2116173803
-11.5213515856
-8.93242481086
-9.32301353224
-7.83212313058
-8.12661909264
-7.72754499458
-6.98087356631
-6.8846239403
-9.9186162992
-12.9201814069
-15.465150466
-6.52541539349
-6.65885910416
-6.79749514389
-10.0758897602
-8.39365196806
-6.73355756473
-10.531581308
-11.9434245462
-11.9934421744
-11.785554687
-11.4982765631
-11.6144734411
-13.4487295352
-15.9246744861
-15.8477795987
-16.8658481896
-16.2851950268
-15.733452622
-14.2812506406
-15.8320680997
-14.3412220581
-15.7620507349
-14.3835129809
-13.773874965
-12.4576845071
-12.059360074
-15.267788815
-16.4114477052
-10.874337298
-10.1414568094
-9.95354225484
-9.18124392348
-8.44333797376
-7.74561816874
-7.01676195009
-7.44986319092
-8.09529109162
-19.3490054828
-16.2753796161
-6.2556995524
-7.58930529637
-6.91078746945
-11.4165346908
-11.704350754
-8.55915822144
-10.2613454114
-12.9167618098
-11.5900267457
-11.1000034794
-12.1613722188
-11.0179417315
-13.6977770042
-17.251744241
-15.2378837634
-16.9154993113
-16.9861736081
-13.8910771059
-17.2862298058
-14.7990813354
-14.9585244285
-14.5918078499
-13.4213443494
-11.9410162431
-12.4882030344
-11.3181609422
-13.0787645956
-16.7594942132
-13.3272505187
-10.9679415235
-9.69200912563
-9.57644062387
-8.80677231177
-7.98540438722
-7.74369332511
-7.81608275073
-12.3588158479
-20.7883098276
-15.9416480485
-6.61357391657
-7.82707365886
-6.27688834677
-12.8039688403
-12.8714603805
-8.3486171214
-12.051127036
-13.3494560012
-12.2290174078
-12.616734353
-12.4844850374
-12.0994056428
-14.6022285804
-16.5126383007
-15.4554534459
-17.1183138346
-14.0844633626
-14.7023806752
-16.6642436036
-14.8850776536
-15.2997441405
-14.9274497641
-12.3473512753
-13.528669139
-13.5261815087
-13.0936927442
-13.0758191649
-14.9517473098
-19.6728422312
-13.6351712811
-11.853852288
-10.4363387386
-9.33901164914
-9.22346368723
-9.04988433344
-7.61859041193
-7.90234348857
-13.3355531763
-15.1466385008
-16.0190181569
-6.05243046626
-7.81194333565
-6.77914766112
-10.2894861514
-14.0675452485
-10.549623452
-11.9566984172
-14.3966478214
-14.1382372525
-12.3294482177
-13.0629040244
-13.2924709016
-15.6767732215
-19.0270360243
-15.0311296396
-14.8323730293
-15.3659311518
-13.2784892424
-17.4777468392
-17.0444795202
-15.1056181553
-13.8336280484
-13.5205563864
-13.110850644
-14.3999913354
-13.8195915642
-12.9669547474
-13.2475485297
-19.5369812881
-18.7140702929
-19.131424683
-11.1222486746
-10.9174175796
-10.6418379654
-9.4058163403
-9.40325011543
-8.42227141618
-7.98428099175
-13.6069759117
-22.6462534431
-16.3487534016
-7.36014892924
-6.82484013639
-6.45022362644
-14.0967732347
-12.8698256556
-10.1770730809
-12.5629972218
-14.0759870332
-15.0019678159
-13.9896067795
-12.6579305549
-13.4974888372
-14.5597185281
-17.03051597
-16.5184641669
-14.2407815344
-13.5539305679
-14.2956932686
-16.2837562302
-19.4600620398
-16.0669941791
-12.5737694581
-13.8122782422
-15.7052367414
-14.5781989417
-14.4518874168
-13.6593032464
-13.2237434384
-16.4004717343
-18.8029009264
-17.3277250445
-15.0478726961
-10.6592890209
-10.6722326976
-10.3309459823
-9.93930392148
-8.89165591505
-9.73318092652
-13.7447761972
-24.7833413808
-17.6439230606
-7.26849733472
-7.97021509264
-6.46719211227
-11.6412477879
-16.4392421539
-9.99895875421
-11.639426728
-15.2321861596
-15.3040058476
-16.6227232008
-15.7911191748
-13.9784101835
-17.2677976334
-16.4883951869
-16.0160149723
-15.5600533424
-13.8382484708
-13.4700674214
-16.58238988
-15.9362578284
-17.2287738346
-16.1100626725
-16.8260407005
-17.4498118578
-17.3051442691
-13.1505712436
-13.7210893018
-13.4884352184
-14.9049725648
-18.1380862603
-21.2561690573
-14.6778535285
-12.9811800226
-10.7624168978
-10.9891980049
-10.2934456052
-9.10114462992
-11.5547529318
-15.1630728206
-21.2529776473
-16.8232981501
-7.84947464289
-8.06853277688
-7.30123279747
-13.1933961562
-13.5120787199
-10.7825965448
-9.80479789679
-15.9927228979
-17.6752289483
-16.9130499574
-17.5556932156
-17.1997077929
-15.7111003963
-17.4814499627
-17.3970379311
-16.3465567123
-15.8773262489
-14.537531229
-14.2406113327
-17.3255824255
-15.3612589332
-13.8504348099
-16.9537692486
-16.8194510312
-16.5407632251
-15.9916940756
-13.1899877794
-13.1600210382
-13.7096853868
-15.1308292758
-21.9810038138
-19.7023483891
-14.1711202542
-11.9023978726
-10.4485861031
-10.9968922671
-9.46698569729
-12.7769744749
-16.2807254265
-27.7117178933
-17.5135037817
-7.91211831201
-9.00025937045
-7.28828373105
-14.1653568001
-13.8667427824
-10.2013535645
-10.2259486592
-17.0275791796
-15.4119011245
-18.1937450066
-18.1292534749
-16.9302418822
-17.4051219956
-15.7907432857
-15.5979878776
-17.2932403101
-14.5701706125
-15.6909122488
-16.3277012911
-15.8503591968
-16.366573625
-16.6458563947
-14.194804826
-15.6245922632
-15.6170649695
-15.9828357813
-14.8751366799
-13.4924452098
-12.5621348182
-13.7094218373
-14.6202050909
-23.5174871648
-18.5528760357
-13.8003645052
-12.1391849152
-11.2787333751
-10.7084464936
-12.7046115125
-19.8245694966
-29.265
-17.242373503
-8.49482202966
-9.08253561859
-8.37953802218
-11.1075708837
-15.1813767328
-16.1338376949
-12.5962098344
-14.4844495148
-18.2189434307
-16.6729377109
-16.7409961866
-18.318157218
-15.7721570306
-17.8696277863
-17.2258095912
-15.2148086674
-17.042932772
-17.0807930682
-14.2457401311
-16.7297612428
-16.4853289342
-15.9937718287
-16.370734601
-15.2803492894
-14.4031745919
-15.3654075096
-13.853447732
-13.9151995406
-13.6832013798
-13.0846588452
-15.4387155905
-19.7423051694
-18.2429717841
-15.7891556537
-13.1505712436
-12.6184410587
-11.3315946369
-15.7644058282
-17.6803057472
-17.2356988869
-8.75031356972
-9.87003555373
-8.32329218233
-12.4011000829
-15.120635285
-11.3435071237
-12.1947159161
-15.8510016843
-17.4937932449
-18.1198214343
-15.8087186128
-15.9684750545
-17.9106544675
-15.8300865544
-17.7438956213
-17.1155342787
-15.586400696
-16.5426449349
-16.818217375
-14.9826461492
-15.9830960331
-16.4748029064
-16.3502466112
-16.3467412873
-14.9428366546
-14.5013122044
-15.5661482426
-13.3877440212
-13.996611462
-13.2971907485
-13.8021550605
-18.8329011812
-20.7173566151
-13.9182992894
-14.1544346453
-12.4714557321
-13.0076701066
-17.4513255322
-21.782666872
-25.7116827006
-18.2741317607
-7.48319786302
-10.6367798688
-9.91706892544
-10.2201974616
-15.0568560069
-13.5384504614
-11.7021954183
-17.5180332854
-18.41674289
-16.9111543627
-18.012289177
-16.6673734613
-17.3380955589
-17.7872289352
-15.8726263846
-17.2147837012
-17.3823795112
-16.6498419175
-16.5472514141
-17.062970496
-15.6342028872
-16.8239893534
-16.5709256772
-16.5645107712
-15.8270595348
-15.2413739213
-14.3829674576
-15.5126030267
-12.7856099576
-14.0584019514
-13.7200911168
-16.1816122038
-19.3346043705
-17.6108060799
-14.2461559324
-13.3735100032
-15.0872405056
-20.1876426811
-16.9683675728
-9.52537697353
-10.1109639201
-9.4319019047
-12.4898812687
-12.875149937
-11.1251236041
-13.0358150585
-17.1170479385
-17.190490054
-17.7658373748
-16.7172985252
-17.1303494907
-17.6875872614
-16.3926811533
-17.5229053036
-17.1825412734
-15.8140058251
-17.2359228845
-16.6383996042
-16.5301757778
-16.6593073493
-15.4112799809
-15.1902783285
-16.0472805591
-14.450580867
-16.2422189651
-16.2155340851
-14.5430275767
-14.9048111908
-13.9680554033
-11.8195116755
-14.137115957
-18.1603847095
-19.8176355882
-18.6867889917
-13.7449911233
-14.8024670525
-22.5938337353
-23.5686282277
-30.1852329294
-17.7908081494
-9.27135896458
-11.2243736355
-10.604362323
-11.247142464
-11.3394822634
-12.0051856532
-13.2401834589
-19.6400835357
-18.9935570084
-15.7869091411
-17.6562947952
-17.0977327068
-17.6393565679
-17.4356826377
-17.4751236665
-16.6630852391
-17.0449609535
-15.301367413
-15.616951905
-16.9718958683
-15.4090660537
-16.7341903018
-16.372682788
-15.1634824155
-16.3395016946
-16.3175082027
-14.5751465884
-15.900027649
-14.5863708319
-13.3539073439
-13.9089452555
-12.5123498469
-14.3481701494
-18.7485599305
-19.724490105
-15.4029342708
-19.3930074363
-22.6934807351
-17.8699196668
-9.99134711693
-10.6023497446
-11.2833744744
-10.8164847257
-13.5592238962
-14.8302932531
-18.8744549056
-19.5390940249
-20.7304545377
-18.5746309341
-16.8985975414
-17.0624754094
-16.8742553513
-16.1389607016
-17.7978058309
-17.5798696614
-16.768780891
-17.2568507116
-15.2047822159
-15.4967835042
-16.3478643346
-15.1847017367
-16.558025478
-16.6607691428
-15.527675833
-16.1495069623
-16.347816503
-14.4277776876
-15.1652207822
-14.9068572798
-13.7219196208
-13.7433606729
-13.2478873628
-14.9505095967
-22.0647731718
-18.749153406
-23.3495140968
-30.3649861334
-17.7013953801
-8.59993405279
-11.3110990701
-10.6188607433
-10.0772905791
-13.8951172566
-15.0168187066
-16.1115582761
-22.00859896
-19.8142228601
-17.1480233755
-18.1681272031
-17.8459662417
-16.4025619054
-16.9872881086
-15.4475223611
-16.0592493474
-17.0667888383
-15.8781167546
-17.0948445166
-16.9836517619
-15.5702213322
-16.5185366898
-16.8500730143
-15.027871849
-16.6942131743
-15.9891867006
-15.527988523
-15.8030824949
-14.4515593073
-13.7747203501
-14.6201299147
-12.8415608852
-14.1023479401
-14.8008639939
-20.167153428
-21.8799540057
-25.5722285099
-17.5282015878
-9.82165259573
-11.2264979929
-9.46750423468
-9.34659374127
-13.7778893665
-14.9332296307
-21.3591419137
-25.4405631709
-18.2187403749
-18.2839596708
-17.8482900842
-15.932231056
-17.5882289746
-17.2764937768
-15.9145825867
-17.3346192938
-16.8960701335
-15.0906035575
-17.0334966264
-15.1697536016
-15.3503921865
-16.6856863287
-15.8118275501
-16.1010830271
-16.2921417246
-14.7514427907
-15.7923498659
-16.2908196944
-13.9052717861
-15.2280738112
-14.969095922
-13.2237831383
-14.6335367095
-13.3942124366
-14.864403084
-23.8008395914
-25.8885819949
-18.0546008493
-11.5919963598
-11.6876850981
-7.20411738515
-7.50702085787
-11.1375335875
-16.9144848084
-24.9537890139
-25.3326819945
-18.6379138876
-18.0821531962
-18.018057225
-15.7169113239
-17.992895794
-17.5550515848
-16.6950107058
-17.2683307096
-16.3128339822
-15.4378054591
-16.9683595526
-14.8807824252
-16.5198601314
-17.0695876088
-16.3837240994
-16.9179168905
-16.5563178273
-15.1840962686
-13.0680674964
-16.5525573252
-15.9527000547
-15.5784386038
-15.4127032006
-14.0288806147
-15.067199733
-13.7881185359
-15.4155944561
-19.111955953
-17.7504243441
-9.72965579332
-12.4560361592
-7.33883468504
-7.83657046206
-11.0028457244
-24.0794684696
-26.4297376213
-20.2073191381
-18.1775490749
-16.3829422383
-17.5867843482
-15.7835350581
-15.9068303775
-17.367040711
-15.4804551957
-16.977400961
-16.9919617558
-15.1376680062
-16.5760374041
-16.7854806577
-14.9316551148
-16.4461133465
-16.8621919737
-15.8901730707
-16.4767850247
-15.1396715042
-15.0971986363
-16.2482807958
-14.5407986531
-15.924058053
-15.445103188
-14.7940234886
-16.3718952248
-16.0632630837
-14.7342479932
-22.9737368212
-28.6835058678
-29.329755808
-19.2292761238
-9.75799586039
-13.2104397133
-8.16916587693
-11.2572054822
-11.2830511111
-27.0574259803
-31.5210668612
-19.5160214594
-15.9205088722
-17.4654652508
-17.9631348897
-15.3070898396
-16.8397399057
-17.403410839
-15.3606735003
-18.0291758782
-17.0315798257
-16.7196873672
-18.5676600591
-18.6989268837
-18.5708082691
-18.6973760168
-16.9940223886
-17.1972720424
-18.6492430813
-16.1566555795
-18.4509780902
-18.2769500526
-16.8782465045
-18.5789282652
-16.9857774368
-17.1537499209
-17.8359983143
-19.6399712625
-21.0974588774
-18.6911831128
-25.0830461325
-21.3252306018
-11.5264918223
-13.3587108278
-10.3601160813
-11.9928723579
-12.9318576673
-23.8978973262
-26.8250521616
-15.8366765038
-16.7273223508
-20.2088887241
-20.567208213
-19.6503691236
-17.0855729409
-18.3394041689
-18.4968006873
-21.6387628281
-22.3623398511
-22.9516919482
-21.5896138685
-23.0293934403
-23.6441288795
-21.4748803032
-22.912758485
-24.5506791839
-22.3540844971
-29.8764974455
-27.271831059
-31.6796170218
-31.0160610498
-31.0474730768
-30.0363677813
-29.6913691568
-22.0217041252
-12.2710668678
-15.7965691758
-18.3629425468
-26.3500798451
-23.1249101013
-23.9954868894
-10.4494964779
-9.30536637516
-16.2896150205
-29.3917542784
-29.5437687019
-27.2785200467
-35.7380118312
-35.6275642516
-26.7458445784
-29.1724299705
-11.784568429
-12.6609742762
-19.3147687454
-28.5553144114
-23.9358766265
-25.8784546278
-12.1767624162
-12.4683698463
-16.9857066223
-33.5001851904
-35.3236862228
-32.2924068407
-31.4874545776
-37.9214004434
-11.4757079114
-11.7930082102
-21.0107357171
-25.6045544685
-30.1211890221
-30.9163052749
-11.4122278689
-10.010286149
-14.0788798488
-31.4762981103
-39.450627534
-33.5762625621
-29.3876107494
-15.5186056373
-14.1227543184
-20.5478447932
-23.9290124169
-28.2840383489
-34.4040063311
-11.7147687102
-10.4899848725
-15.4523224927
-27.6743745396
-36.6241614751
-33.1397762958
-32.6466952972
