13.0566634783
15.7930073119
12.1026429633
12.8225458113
16.8334154091
39.6756270048
39.7836992659
38.1990790512
11.6030717912
14.2377756882
17.9396881185
14.2675556799
10.4734440193
14.6936662223
21.5981256007
33.9151118082
36.7430625003
41.3478810667
36.6869654461
40.2632594669
32.8588986022
40.2920352543
12.8493658168
15.0306319517
16.3570078442
12.5387014025
9.8337350839
12.5508508021
28.3900597326
36.6927212196
39.0521503029
36.0366448989
42.0384439426
42.160247304
36.1308502159
37.9705496318
39.4918506392
36.6038025955
39.4032524069
38.3381771328
38.4738967267
38.7254470127
42.471688595
12.2767007722
12.0224472154
15.8719729731
11.3268491063
9.51187981072
17.4369948862
25.5729625414
35.7596567577
39.2383496075
36.6176394882
41.2163753851
40.0904022408
35.7464070295
38.7956353018
41.3674078179
36.6927609083
39.9164118279
38.7479181152
34.5933399321
40.7134278837
39.8992028975
39.094185488
37.9521749489
38.0426919861
27.5580492575
25.9725654616
42.1505300554
32.296650348
10.8461125775
13.649059266
14.3120804782
9.89418390061
10.3879607981
16.1202896051
30.0590121944
35.2271055508
36.9403969519
33.6135991759
34.4762828911
30.3698681637
34.4962606943
35.7401865136
33.7926805337
33.9312961423
31.800304848
28.0916879995
29.4106832182
25.9128259165
30.3432010046
28.7484850944
30.1313509656
29.5945755448
27.2744834633
24.8191535883
27.7190771403
27.1897270663
28.9741591258
28.1157594794
26.2974396096
21.1617354824
20.7411606051
29.8475793491
24.2033175585
11.8894230716
14.4124983739
9.86554310988
11.6758800149
13.6218417305
25.6384781262
39.188725886
23.417177452
23.190456017
23.1155593092
20.6133677329
22.4818925029
22.5365421666
20.1042271747
22.1794397184
21.3398207355
21.6525523454
21.6713327811
19.6805981261
19.5525864372
21.1090472551
19.2787361455
21.0784706115
20.6337651481
20.3249977716
20.69493409
20.7918319641
18.7800317889
20.6719786249
20.184752329
19.8335864885
18.3550515782
17.915596238
16.9426855331
20.1478440499
23.0033150751
22.3473137289
12.9937316801
13.6435023965
8.65182206217
11.0941238768
15.6046223395
22.1841189899
37.7249503453
23.756539257
23.5265321743
22.9775721503
20.7828689313
22.6562546035
22.2598926784
20.0277516705
21.2084839088
21.3740977806
18.8029515504
21.4048971053
19.6006702498
19.7126027739
21.5590710681
19.5581236468
21.5259315026
21.2145231084
19.5787913963
20.7178682874
20.6677161778
19.1745393564
20.1370021005
20.1974892949
18.8292628626
17.284925678
15.8364810906
16.1951218853
20.4398266656
24.5345459626
40.7086355313
23.7312689609
10.9388016834
13.7712892145
11.980029873
10.5427129701
17.0375064349
24.2071414172
36.0205815095
28.3382319134
24.5228355476
21.8213596276
23.5322439786
22.9729975442
21.8447210375
22.0279686145
20.8384000648
19.9849000014
21.8312676608
20.3704545371
22.1553976767
22.0112887499
21.4294027709
21.9931493695
22.2803987982
19.8970626638
21.0494685882
22.032611035
21.2419252063
21.1863072398
18.4258079391
17.3862644823
18.1569235957
14.0767743796
15.8814925975
19.3133785426
26.7947172623
35.1482687217
37.2390280396
24.0512378846
12.3952540146
14.0207709178
10.5242758787
11.9498588415
17.8946890911
20.5225525674
33.540510185
35.7091109797
23.37485258
24.773209512
24.177626478
22.0921478907
23.4953507067
23.3895352012
20.8583471835
23.1565645559
23.3484903337
21.7173866562
22.9119069693
20.6379444888
20.370658461
22.5984453129
20.4504032857
22.7131446756
23.1708694066
20.8709185656
22.2828443169
21.9190039284
19.144557557
18.5996105201
16.6475749395
15.0167388101
16.0029290741
20.672843578
25.5407164386
33.3068913604
34.7454953648
23.5630757289
13.2031995831
15.7138157484
10.9112655655
12.9594901226
19.0203921099
20.0746676095
30.3713575381
33.8879926405
24.6586761493
25.4526060073
22.7588818003
22.0955428124
24.1304614056
23.068416067
23.9057924572
23.9449874407
21.5668673868
23.3536364007
24.1904326766
23.7007626739
23.70339685
23.0485909618
20.9823051924
23.4996497792
20.3817246109
21.4233475674
22.5724996054
20.3500642644
20.5494564663
18.9592760494
14.9909642822
16.4943044217
18.1090480997
23.5658938061
33.0984947028
28.1703829174
36.4403054655
26.0614481599
12.8119200603
14.9453975926
11.2685899426
15.1048064331
22.1344383688
20.8058524926
30.2570182113
35.9387527338
26.0405111311
26.7203066039
26.8178912782
25.0461738919
25.1163033967
24.8291148161
25.2367944406
25.4670009538
22.8498265607
25.1797581435
25.0246092792
23.9976766007
25.4206172852
23.6615691113
23.003745021
24.1355500252
21.0346333706
22.129652814
23.8606220645
22.7973283007
19.7640645305
17.9680273712
14.7966910635
19.1397840667
22.5667529367
28.202553312
31.5117618246
23.2634910644
33.3465620157
49.7173832261
26.9479065619
14.2010478259
15.2582229011
13.6706088408
14.2134435783
20.0434981973
19.2466498411
23.6110809761
32.3683793233
27.3263347923
28.0681626393
25.4467045107
26.6489720843
26.9236567063
26.0336439626
27.0714424798
26.5354368353
23.1255783066
26.2361431154
26.0744851763
26.0983780092
25.5429124774
25.542065166
23.1223079183
25.9145170354
22.7489420693
24.7235488425
23.7972136623
22.2893464907
20.3831001221
16.7138740868
15.2846055999
22.6038587784
28.8873575606
29.6091010545
29.2427591535
21.3725507039
29.2935470207
37.2653403694
49.6828444451
25.2569101708
12.5388687005
14.7822491638
15.2182562003
15.3978811627
23.8295582574
20.3443263407
22.7061074104
29.0086468574
31.839573649
29.0529098908
28.5069402335
28.3968484729
25.1858245794
24.7321564273
26.5959406328
24.4858126504
25.7472739478
26.5409937688
27.8117858767
27.0045120504
26.8194864234
23.8934101591
26.2257830336
26.2156305571
25.4178700597
25.7730300856
24.2514457128
19.1081388599
19.7338431686
16.1173117264
18.8618985885
26.0246278969
32.4074394851
32.6667886708
25.1044534595
18.7742724731
28.0279812883
33.6704095221
28.5918264654
14.3487080947
15.1423194578
15.3884179209
18.6451998478
28.0262617504
26.5985692262
26.9154281597
29.7853126307
30.174487605
28.7117890394
29.7298609866
25.7479030587
29.2608106865
28.4655166409
27.6922132545
28.4009548159
27.3982204613
25.1619032521
27.4852375166
29.2936808221
29.8085004156
28.649208657
26.9218843922
24.8101689126
26.8987642612
23.7112422084
24.702319009
22.1922497588
19.4771152888
20.1211206174
22.7262641193
33.1505691255
33.100240646
23.2509506994
21.0902627933
19.8646612276
22.0462609283
24.1873975169
38.4848235695
51.4043230231
27.8622647415
13.1580693127
16.1269002582
15.622298523
20.1863265008
24.832499122
19.8996998906
22.1119018642
28.3361755618
33.3690519828
31.8981837939
30.0495512078
29.2486395043
28.2530449585
25.1037482066
28.4184525936
28.058781683
28.1167497222
27.1263507464
29.1017679333
27.392030843
29.1673867248
27.0083825895
28.9732678779
27.4152976255
28.5054240625
26.1428769275
23.2650711605
20.0018736324
19.4490108318
19.9627711804
26.8960066056
36.3538115077
30.1375595247
21.1487684416
21.4626771663
18.7159864417
22.776411746
28.2511715369
28.5658266943
16.1674997354
13.5347232459
15.3172273011
20.0670978383
27.0270048722
22.9333324491
21.6886358204
32.1616560935
33.7138930681
31.1991866593
32.6557308627
32.2595914167
28.9819728033
29.7465197609
27.8630068089
26.5433040082
28.6214588482
26.4322554688
29.8663749055
30.9091219054
31.7411974385
32.6286014421
30.2458011275
26.0817473988
28.800003644
26.6136664857
22.4273324882
21.3674637868
20.895
23.4575855834
41.0179822353
32.8800544808
23.858063299
20.5302235288
21.3902115893
20.6938281108
21.2647472364
23.2127407235
36.6270840784
31.5951971844
13.627014965
16.2368977141
15.3383597403
20.5973314169
26.555862544
19.3586394657
19.8252113938
28.9131159705
35.2543297509
33.6551788045
33.2535636238
28.3187143533
30.1776300062
28.2760505379
30.8551001236
27.9944079279
29.8121697397
30.1099478324
30.6558884428
27.9497479363
33.1914987962
34.1439383756
31.3209905364
30.3039519183
30.3042700931
23.6281293542
22.4954492249
19.1239908029
23.7685577323
33.3014702681
41.4250384034
26.9201034994
22.5938853822
19.4658519777
21.1708596242
20.21465818
16.940775275
21.4787466736
32.1799831188
37.4458074131
32.6640852796
13.5979338629
17.1497952283
15.8807658875
24.1974579213
31.471487974
26.220877763
20.2325702474
28.3512246622
37.9116664839
37.4425354963
36.6275266787
33.7244539676
29.1027877715
31.3000311135
28.4074516569
29.3417526355
29.6341797486
30.8892039622
31.7194056745
33.7387050216
33.5075390209
34.1601995983
32.4419653195
26.5913863296
29.3627574673
27.3382442849
20.9243687646
22.2097191799
28.0628401745
38.681775765
41.8194761035
27.1764292415
23.4604951669
21.7848419698
18.9437559979
20.6821463233
19.8782116981
20.2560086842
31.8438337303
45.0581999282
33.7729127702
14.1494689412
15.3132072626
14.6302418287
24.1165260506
29.8801517663
22.8962123528
21.8113288618
29.6748393899
36.8800696902
41.1778734623
34.1642070398
35.5342015667
32.5066973262
30.139830383
34.7478172536
24.9913238699
25.871047534
31.1711391252
33.3820448408
39.5533382286
39.6788732559
30.346505709
33.3159952316
31.655025126
27.6206735772
26.7700593537
23.223740181
24.9763042811
32.1462843083
37.0567452096
30.9273786995
24.1215833912
20.4466038829
21.1224324682
20.5943822342
19.2129151473
19.0766743729
21.2856708274
29.2131655361
49.0651669875
32.7201070359
13.3928556915
16.5420728259
14.3636061594
22.6440050104
32.8050421559
25.3265648926
23.8888626724
27.6616169479
32.7501557708
41.9524457714
41.3905345364
34.9164719831
36.0088447453
35.5341318685
31.7079298153
27.5476487265
28.6102876891
28.2397334789
33.1079332102
34.9567614014
44.9840887821
42.7406056015
31.3902408176
33.0476746287
28.9526536378
24.2812068096
25.0773820531
31.6170620789
39.3625995751
43.027781997
30.9232889225
22.8549768745
23.7101649737
19.5253229608
21.1815782346
20.7733878757
17.3098590947
19.9559782444
29.1999713921
38.7899732852
34.6428696178
15.6605158597
15.9110554229
15.6318901553
23.51947727
29.5189812244
26.2039586804
22.8320861201
29.3161505216
34.9875262633
38.4331547661
42.1532075416
42.4142928795
33.3375449617
36.7941589017
31.973001847
27.1972483103
31.3835968286
29.7783469629
32.0220678104
40.2325880526
39.561980644
38.1340573599
33.8881311097
28.329872329
28.0950036466
25.3401706238
25.1109751136
32.4441734767
43.8358589293
42.4086454343
28.6685037311
22.8940212346
22.0374828834
21.3515354883
19.6795819056
20.5489540262
18.9400610856
18.566229387
28.4165547615
43.4390865109
35.8055277536
15.0917073507
16.5216348385
14.2621596718
29.3770318834
29.7547164413
23.6204735381
25.3574767362
22.4311331803
36.4994759668
40.9909478029
39.3265569154
39.9134895882
39.0108712381
34.5907523202
36.2590718074
28.4016419215
32.9374726936
31.7005131347
32.0202568137
34.0038534583
41.9446581296
32.9641826823
30.8789162176
28.5561114579
25.2402825722
26.8530340261
33.9019344202
34.5170099789
37.2475102559
34.7835826793
28.4326088401
25.6434986308
21.9180999395
20.4594140818
21.2557624986
19.0058153975
19.091314253
19.9001273093
23.422855623
42.0762768513
35.1855408029
14.3971252709
16.7210362371
14.8207575553
28.3812135892
31.5742923662
23.9374610064
25.395687259
26.4841777737
28.2471730579
41.3032171355
43.2457131541
40.2175508364
40.4334403593
39.4955726444
31.7128826667
28.2130755743
30.8947059909
32.2031142011
33.6222241989
33.6871202962
36.1959696709
40.2905027577
25.1604169861
26.9299359347
27.294087859
28.5011100916
45.3925088643
46.5665030805
33.5055000883
32.0108116172
26.9240110784
23.5691700212
22.3826940938
21.8217275361
20.747455386
21.0031744499
19.2367520211
17.3905627598
21.824319082
42.3815739922
32.4650332519
15.3726098606
15.4905275234
15.4092551864
28.5871420603
28.1518547935
22.6203046058
27.4713641057
23.7092511962
29.2647860427
38.2535572455
37.1203445877
43.391271843
41.1226601175
41.3404727518
34.6435220328
26.5291762668
29.0907220983
32.4367736271
30.7470415883
33.6458991463
35.1862890139
29.8887728808
28.7734256192
29.2009096724
27.8921350785
41.8928127977
29.9505859969
35.9784086384
27.1193663765
24.4011447946
23.6289235496
21.2889125337
19.4202830521
21.1555693286
17.4693835749
18.8785983283
23.7725374034
29.9212526692
43.9462722298
16.1970833642
16.3898513509
17.2384790855
26.4034912611
23.4809095718
19.8389697313
25.7564275229
27.2199935467
29.8896043399
26.8788310281
30.5641163344
29.5728131993
28.8241182973
30.1822233199
29.3903446583
27.0693140266
31.8218968921
33.4638255455
33.5383623189
33.320213339
30.3133364575
27.9379663477
30.3279916974
28.1162755202
33.1694857944
31.960177581
34.8902291778
29.0561644911
26.2058862954
24.1170064877
20.9081095686
20.9062176804
21.0331074432
19.7454207903
18.2470356924
18.1937746512
28.4914802622
34.4814666885
14.5845364797
18.5991832293
16.2733260931
23.4029201666
18.1768980383
16.751081769
27.1068514947
30.8415420871
29.4467555246
27.7835259579
28.4479426518
24.4284310393
26.3869055009
27.7112680224
26.1412277159
30.3018886554
33.8801969608
32.6078335989
34.0405066411
31.1960283562
33.3085689975
38.4229276799
32.5439124881
32.0220678104
36.4862937419
39.0252598453
40.6991848709
32.1694223437
32.9680421121
34.4262760429
25.6208886044
23.7841061378
22.1380425368
20.0395916202
18.7617973872
18.7269387448
16.9862738454
19.8029719989
33.6226405483
41.9935383346
18.9933460837
18.0346550073
19.137839246
24.1037479482
22.2296122085
20.9278993644
27.4621733225
28.5112853547
27.31074752
28.3363198581
26.0902082453
27.3805900741
28.201879139
26.6044526363
27.7484358041
31.1859928799
28.4160346422
31.7908311991
34.2515527312
34.0287648319
34.3654466536
35.0056554911
29.5669908611
32.4862484421
29.9903759997
43.9934293275
31.5664017447
36.6898684879
35.2892084807
23.2580623615
23.4534031076
22.7167734958
19.6895709451
20.5167383675
19.8787025256
17.0034095097
18.7523665007
24.9176807269
36.6576447159
15.9014828594
17.1240488689
18.5383755048
25.1260414158
19.9479033006
21.8434076085
27.6230203869
28.4810141501
30.4491205793
28.6983392495
26.2430196545
28.4861739215
24.9157639766
25.7497609393
28.2949294834
27.7670310226
33.4668143959
34.0902491546
30.3590158469
33.9439486101
35.4661668018
38.1697132673
34.6403860801
33.5039936481
32.1406279387
41.9631272153
31.2241584154
35.8775922085
28.6806217134
23.5458341679
24.915386106
19.8192835903
21.9823546643
20.8951518894
17.8142544558
18.6920850908
19.2046191058
23.2477686175
36.8599335408
16.1134763079
16.9320466967
17.6580817968
22.1590048251
19.1164269708
22.2012407986
27.0557346832
31.6134544952
29.5529414838
27.1669834946
28.950852921
28.2520161233
25.3687427407
27.6376862907
27.8719368686
29.0999877794
32.5964753309
30.263704891
30.0772305248
35.9079093058
29.0384533001
39.8504190717
35.4430825209
30.1180490371
33.9768659644
43.6769639078
35.4462842917
31.0753261351
33.4858773372
25.1675336053
21.8102738972
23.4381011546
20.8890035831
18.9865499624
19.9849000014
18.3716167293
17.5157951866
32.903987852
33.9177586238
14.9193001636
18.4213315045
16.4358906984
26.0180953811
18.17348023
17.8225244324
30.0802537169
31.7773206638
27.945343299
30.242399587
30.135199081
25.9257695078
25.9852480951
25.543241268
26.0667183963
31.7052474472
31.5312477507
33.0927136465
33.9637236391
31.1851748664
35.8467315709
41.6585523423
32.4917814694
32.2343615351
32.7533411253
35.3644903722
36.6373148987
32.2993140525
37.996292605
23.1857912276
23.6845237121
23.4021070444
22.0782513943
20.2365120264
19.6112750883
17.1968756456
18.0999544581
33.3147817487
38.8436197607
17.0382052931
17.4689432797
19.4545364376
24.9126573388
16.3980289271
18.5609346176
30.2262058805
31.9315071526
29.8502639917
29.753858535
26.993451102
27.7833150774
25.1553525388
24.7434968542
27.5952428385
32.0992512902
29.0293416227
33.7921300221
30.3798277337
29.9657986531
33.9518483973
43.5856139358
36.1173339915
34.3167030442
30.1688512688
37.5241748914
33.9374664426
33.5903385469
33.5278732695
25.5989565379
24.784413431
20.1291485316
21.4977007454
20.9595538066
18.1993341248
18.5564475748
19.1571012718
21.307694149
41.522332069
14.4582963067
17.8580428217
18.0809722753
23.1114886831
16.2695686127
17.3640311019
28.1818148228
32.555141883
31.065085051
29.8884665789
32.2406700733
27.5402917048
23.6780659802
26.6080647756
25.6588002547
28.9133146964
32.8149839633
33.6697776318
32.4228873397
34.3407393039
35.2659872371
42.8985672732
37.5926164329
30.3300428839
34.1861640595
38.0483975884
49.6708853842
38.0404148682
34.0417171078
32.2560117804
26.6505898215
23.2796720968
23.0020829209
22.7174870877
20.5506827421
19.7955837473
18.6403979339
17.4821725514
28.1982696749
45.408471736
17.1189909556
17.4757036516
22.608639713
23.4609076102
19.8554731306
19.816027718
28.8694358639
31.0654311839
32.3566057852
30.0139703063
31.8995119945
25.633719625
26.6704987639
28.3480166034
27.6491588104
34.4764048998
36.3258951764
35.220725388
27.9535232245
35.9585760002
39.0277523135
43.0787013085
35.8010827662
34.9081198735
34.6187142587
32.1222931338
38.571434048
29.474143007
37.4071749508
27.3508638385
24.3306165256
22.2366604407
21.283612413
18.8082851187
19.8787067653
17.2420761137
17.943714999
28.6890691295
46.0441752234
18.0162785616
18.3249008854
17.4466760962
21.8466186742
16.1385729247
17.3589166668
31.2673226707
30.316374292
28.4362423002
30.9944901345
29.411193684
29.0974634357
26.2708786467
28.8452944398
28.9034639547
33.5249941417
36.4667270634
45.3364767169
45.5167082429
44.3074671212
44.4573489297
42.3903430209
31.5345192807
35.0434551866
30.550575088
35.3582112144
38.348247371
31.5251988117
36.5070084268
25.0450902253
26.3630453678
20.15147791
21.2395127789
20.7169839805
20.3180462259
18.2743295212
18.2155932238
22.4694462291
43.1948325592
16.1477406763
18.3116658455
25.0586489576
24.1734851885
15.1611582607
17.6447592302
28.5109320383
25.1014352318
31.4278741175
29.8231701494
32.137099901
28.0532106146
24.2308027332
28.3695171245
29.817779312
35.2964263787
41.4697537235
44.5788877427
40.5960483867
45.3815108254
40.8110755862
44.7459048906
38.0316363229
35.4705990862
33.4472601303
36.7609605272
37.7620673408
34.4392683378
32.0916053194
26.5748917902
26.6521405172
22.2575409809
21.9821570759
19.7166525072
18.1934909054
18.9648885676
17.5885794483
27.6041613169
49.7941430254
17.4500049099
18.1251329344
23.8823581911
23.8495749738
19.5001103034
21.3576571261
28.9836475216
32.3222605886
29.4057401311
29.7167902298
32.2412272963
25.9083142408
27.6537545793
28.651687426
27.0460182267
35.4107903056
44.9852741133
43.4010890525
44.9012123839
45.5285514275
45.216605455
44.4376259082
34.682149335
31.4976990263
33.8388771653
33.8264736273
45.0314584871
29.7898771686
37.0979999838
28.4863007822
23.627849683
21.9182369093
22.1967921654
19.1198743681
19.5173833552
18.9191891786
17.8341698192
27.516997169
43.8664340012
15.5071315471
19.0954407223
20.5825489483
20.9577066201
16.4335055951
15.4597451435
31.3473430292
32.6509308002
27.0989521516
29.8037125928
30.5289173878
28.6017538657
28.6738252911
27.085016076
26.6124379506
33.8519931015
38.7856554835
47.7304878637
45.9606730109
42.1485740183
44.8909808281
43.2311243783
35.667847732
33.9351226343
33.3785878447
36.0199043959
38.7222917913
34.0508210665
36.863093613
25.2893771718
25.5147659933
22.5406044837
21.5745296226
20.6666381195
18.7105491678
17.0325559325
17.886335217
26.103466292
45.7038120808
18.5661121018
16.9499335248
19.6682094856
22.3442204648
15.1271927293
17.4953843409
31.8803088675
30.6920319581
31.4802201211
28.1318231568
27.3250053451
28.6764583514
27.1056596028
29.0018532372
30.5086117603
33.1638721948
44.7826327786
47.8551543986
39.1109154934
46.2617240936
45.4673111803
42.9156122094
37.0275248952
32.4262292264
30.6977225622
35.1787088075
34.4925635704
33.2739559722
32.9199620549
29.0844141007
25.9426341741
21.1312419411
22.1756575219
20.9736932352
18.5487266569
19.0240875671
18.0316688794
19.1263643421
44.0821851029
15.4643682866
17.4944311639
20.8818070934
21.9407888559
17.3533741099
19.0724626304
28.6314913399
32.8115199717
31.5526394522
28.3816585519
30.0480129104
29.7288771133
28.2466462684
29.2699036093
27.6115555179
32.4903152004
43.1487537504
41.6868739806
46.6717222561
45.8863045818
41.2650308595
43.0143383275
43.1152981472
36.8186758938
36.5134308226
38.9209079045
43.8533664191
39.6777595896
29.1221345555
35.3777805246
24.7394999528
26.1833432212
23.3832089757
20.4279817594
21.2756010393
19.7802457655
17.2011771028
17.9743067291
25.7481718711
46.8149596027
18.4768995461
15.2549212827
24.3858005486
29.4447166961
20.6617516897
24.2631362697
29.4665108373
30.1952158992
33.7799499932
33.1632032271
29.699254454
31.2803646977
30.9276200497
30.3560465201
33.4789730487
32.5549898115
38.7134984397
45.6252446852
41.5124838489
45.9776449978
45.6626219906
43.0999618614
49.0430410229
44.1838308281
36.5861137722
36.5881217803
40.1384407169
47.0173421278
32.0529339852
33.9216445261
27.9165318473
26.6147314607
20.8472682318
21.33759724
20.8096251304
19.0515998819
18.7889236787
16.0673737191
21.4381099029
45.9773436251
14.7844794715
16.643496663
21.3858877447
26.0009815645
22.9256643454
21.8221365503
24.3862750503
26.7333750642
37.1919945396
39.3308080212
41.3253834958
35.6233061354
36.6439370965
40.8090304264
36.005903067
45.2992553498
45.9696655164
43.0551902585
46.3565042659
45.1249523067
39.9019236513
45.886782811
50.244917295
40.1049973257
40.9275393051
33.9335587381
37.3033148107
46.5701608475
31.3383325964
36.4962679395
28.8156766848
25.7345091167
22.3103948072
20.0356296299
18.6090012185
19.9707087089
17.535373748
17.6588146108
24.7994422895
46.0405432941
17.676036284
15.7697972974
19.5344810947
28.2130740275
25.0901910445
22.198677811
22.3749344475
23.8142751594
32.6454447836
50.048751396
41.38218866
46.2184358707
46.4897804274
42.8019073084
45.1459588146
47.2408541642
42.1430214905
46.2364159605
48.426268777
42.9890974924
45.3398372892
41.9737811556
43.3332710794
44.7710353088
36.6980274722
37.3577803196
41.8818867416
50.4647740261
40.2671158774
34.6905665616
32.071188751
25.5422408904
26.8863577384
20.5514892717
21.2737396676
21.1282207647
19.1098770481
18.2339475719
17.6830881148
22.3892741692
47.9568713779
15.9184380862
15.3179281564
27.5747308397
29.566331191
23.8755408617
22.6882452884
19.501323752
27.6469629879
38.551557842
44.8086855351
47.8830832303
48.184679556
43.8650894486
45.4134649149
47.5364427359
41.2557482965
45.16076116
41.9423756767
40.5390875634
44.3309119304
41.1290635141
45.0613082103
50.3677227737
39.4608655539
40.2466926485
37.3976816529
37.7383668776
47.2115362298
34.1284242725
34.663038893
27.0351843063
24.7708100488
22.5039894785
21.9508675519
19.4919022315
20.6175872811
19.1847200934
16.8834309507
26.1840396679
46.1248544663
16.7096232804
15.678912999
26.9178217522
32.3665607824
25.7324867805
19.2039878145
19.6151568155
26.4934061569
34.7326944879
43.9893494486
46.9518100551
43.6641384783
46.5749142596
42.0887110923
42.6732333075
46.8495022903
40.6804223779
48.2960158378
44.2137783301
41.0618455563
45.8861748219
44.184915448
45.6859670797
44.400143866
39.9001106516
35.5027895964
40.3349485317
52.4189921393
42.4267043378
32.7495436082
33.5029197273
25.9410418637
26.3639055904
21.4487096217
19.9867173114
20.4246329835
18.7196051846
17.1411630711
17.6236007153
21.0867878908
47.5355169124
16.0078026116
15.6261719147
28.4960641662
33.0985079866
24.3024131837
20.8303706733
19.257780437
24.5501924644
40.3020421995
40.5252132781
40.3815631898
48.2434567768
38.3499482871
46.8595830629
47.5944292166
39.8335883608
45.6722873075
48.3180941981
42.129399627
46.2238615297
44.9801088916
43.3307680094
48.2278537089
40.6326516784
36.1439907987
37.7818314583
36.4513535458
46.7409313416
30.013426984
33.2384222255
28.9213423569
23.0934689884
21.9826922882
21.9776439257
19.7392629651
20.2803075383
18.2756891135
16.3142615189
24.58
49.0125340166
17.4193821149
15.9281410793
19.4026207776
28.1026524332
24.5845812535
20.833543723
19.0824656847
30.3615395899
37.3340619167
31.6869254817
37.3945827761
37.5619659975
45.6815227931
42.9064252038
46.6404174869
45.0228279107
43.9007687922
45.413257186
45.5938859605
46.2309027201
44.9869606236
43.3373685005
39.8305819532
36.7689069201
32.2127786194
34.0631794197
43.3359112054
31.4580399358
34.1084944274
29.8231253961
24.315672003
19.4712440927
20.1121624802
20.8044550367
18.7310156132
19.3198486018
17.4428319698
19.0970909775
47.5355169124
15.698038641
15.4464459758
22.471694983
27.2318148767
23.0097316314
22.9640198848
18.4062796053
28.2139581138
40.6565189939
36.9035606504
41.4769216488
40.2256124861
39.3589021504
45.9227777131
45.701032093
40.9236097418
47.0891456895
44.5082346869
42.9468076929
46.2238615297
40.0482420469
39.0326650654
39.8245155627
32.7399131387
34.0680927693
35.5190195766
47.6542519835
51.2955311723
29.3363679515
34.7053219819
30.0533751833
25.6548049243
21.9826922882
21.9776439257
18.6772395126
20.2803075383
19.0993383678
16.2376687418
25.4245026394
48.4830575976
16.9792944272
16.2976861409
18.9521404263
25.4770929074
25.4343119626
20.7216583391
20.8720311422
27.8457148914
37.3113190149
39.1136343113
40.0111927036
33.3323697616
43.8985294302
45.4480852804
44.7771140131
47.8243389352
41.8304997395
41.9743499024
46.993574079
46.2027401033
44.9595557827
44.6356880603
36.4008694538
37.3986523914
33.2351214343
32.9471586423
38.445414253
31.4388765478
32.9435489452
26.6702407788
27.5321364792
21.9726475667
19.6552224045
21.1669115562
20.1529110927
17.6848338527
17.71547005
21.9299045832
45.6404037202
16.4972903802
15.8464764587
21.9860660994
29.1783477063
22.8625187453
18.0296715508
19.1453158133
31.8388856671
40.6069852881
40.122938065
36.4349042124
38.4640626585
41.8593298913
45.8668278824
46.5764984157
40.8737506271
47.031774819
46.2858004429
41.6839414251
46.1675448747
45.3882641482
38.2956772754
39.7759955249
33.2159120603
30.0414095215
35.1732180761
51.8643676076
32.4506788104
32.3764470286
25.2261385163
26.9150746887
22.6430544807
20.553186254
21.1507875278
20.4995476593
16.8719989818
17.701975179
22.0162385892
43.8961072438
17.0180450856
16.7361083131
17.5641157066
31.6216983288
21.1317148773
17.8520143146
17.8110405337
31.3516853774
40.2099926269
37.7495473746
35.8105711819
38.1022646925
41.0500018307
43.2066079178
46.5268037741
47.7369212919
46.9815944217
46.2364159605
41.639466881
45.1869802932
43.5454822435
45.0132301958
38.3027840897
35.4407226193
29.1486164945
34.2646307713
43.2303471037
31.8944573021
31.0475501757
28.8552862204
26.1337712868
22.9049003692
21.9274471461
21.0007503529
18.2844812891
19.4976097548
17.3086407001
19.834236439
47.8399439843
14.3165531852
15.2805803194
24.8442004469
26.0009815645
22.9256643454
19.0535827514
18.7533611936
32.2237038408
40.5079782258
39.6730701497
39.8832338241
41.5443461198
44.6184156258
45.7549963871
40.6119773689
36.7252638009
45.0506511811
39.946852305
42.7898992326
44.2228252717
43.4857075348
41.5126830107
37.2491299562
30.0020049782
29.5383837602
30.6138749902
39.0557832821
32.6448080425
34.2743886645
27.3619429234
25.7345091167
19.5113950197
21.8973474274
18.9113278736
19.7430551898
19.2463307451
16.3386007267
24.0375942111
41.4254718999
15.0379499802
15.6621164471
21.6773694868
29.8410116718
22.7684788844
18.5181625883
23.5476027446
33.8787572012
35.9444524427
39.6064514255
41.2559902193
40.0113462939
43.6846602075
42.2775192199
39.1289082491
44.32918712
42.8184723763
43.40604482
43.138591951
38.3363683756
37.7417430952
41.8457786042
34.7335209023
31.3216671007
29.0597253539
29.2332801533
39.7567413926
29.1801045296
37.4639346059
26.3568092732
26.0540741685
23.8941139992
20.7100208506
19.9756516042
20.6581724758
17.7918972885
17.6291620607
24.813653791
42.0874711889
16.0099361222
14.8281410885
23.9314024395
32.1448871431
23.6017733201
17.9986514595
19.844483699
28.9392312389
38.3167120981
41.3204991138
35.3488901475
39.5837000731
40.4775500396
42.1935295724
43.61175545
39.5426973779
38.2967608763
42.8975013429
37.8391641073
41.160534118
43.7589700573
39.1039439341
36.7862806695
31.0255590417
25.4871419155
29.5996997856
40.0645661714
30.253669436
35.6976367368
25.9381836651
26.0023144497
21.9522476475
20.1951156151
20.5225525674
18.5913974632
19.0678519274
17.5028993614
19.5280863156
41.9908724079
15.1418718101
14.3787650788
21.0413290831
28.1842992794
20.9771617926
18.6060463805
19.7106800442
32.2667346812
36.9707293925
35.9667400415
38.6192117373
36.8876515065
37.6654326987
40.939291509
43.0928191697
38.760630752
42.2303523406
42.3870639723
36.4774657944
42.674683936
37.2497741233
36.033435655
32.1695281034
27.0323283781
27.3600461456
28.481783805
47.8968094332
28.4101863875
31.8366265689
29.0844141007
22.4453043772
23.7919127115
22.6002636811
20.1195609315
20.2030514576
19.3550081841
16.575177325
25.7292812725
41.8814828003
16.119125281
16.5013803349
16.8877400179
26.5661069832
21.9047922756
16.6655464451
25.6255971097
33.8996069706
34.8609635719
38.006035577
38.1901298841
40.8142793218
43.3844943492
42.3781759104
38.5182521461
41.1815541079
38.4474904078
38.2236131533
39.3617153149
36.4500794343
39.9275145676
38.5579807547
29.3337143883
28.4836613617
28.052217444
27.052329859
38.3544856179
30.1055991329
32.2897582091
25.4633296516
24.9989026243
21.7153562219
22.2617183439
21.1714720277
19.0218727812
18.1455440399
17.2280817636
22.0793898225
41.7593356873
15.1174323416
14.8797211773
22.2515595651
23.5846887031
18.6186387176
17.477112559
23.571156144
34.8609635719
38.0179753674
33.5933136137
37.7608637591
44.2936216798
44.987517816
43.4816942976
42.8552063396
39.940734491
45.9125158658
39.4902421522
39.2469170899
41.2257723346
36.4052112175
41.4370436611
33.827466018
29.8732781641
31.7233941304
32.992877001
38.9846205955
28.4645695133
36.413165225
28.2715591701
23.178806237
23.660724643
22.3322356209
18.4985374388
20.5805569216
18.812041667
16.8232651002
27.3481333309
48.6027745588
15.2353835178
16.6647922576
18.370467153
25.6207650461
19.7104819887
15.7838265891
26.5765046685
33.6915749056
34.1153392066
33.234285572
37.9557681233
42.4863148823
46.6900137571
39.1503129035
40.7635464013
43.3319957883
41.0869847225
43.6971483433
45.6786256785
45.3815108254
43.7144504997
40.9056363974
36.3815959826
34.2962526905
32.6443847222
33.717226465
38.1191152535
29.9208497946
33.4818253164
26.7642420105
22.9574621066
22.5389766508
19.1946797877
20.5398129498
20.5140892352
17.370495281
18.0773599802
26.4099852198
44.7043171084
16.2175833607
16.341982506
17.5930408286
25.0817111809
22.6270769276
15.5531233223
20.7383326635
36.0357157773
38.0787485815
36.4002825589
33.7645096001
46.7198708686
44.6832719179
40.4382116614
46.5614682836
45.3859574709
40.9413433179
45.3364767169
40.4521472086
40.5634313587
45.863079057
42.8135261394
36.2526338118
35.0434551866
28.7922686081
35.6719641362
39.8814995853
32.053413579
36.1669067805
26.6693705609
24.4249439089
20.744404099
21.9042367258
20.7169839805
18.9460385521
19.1181109591
17.7135591859
20.6566453734
43.2749262929
15.6583261983
15.344757605
24.7275921882
29.6343197906
22.3071250105
17.8237867664
22.0862763009
34.2220177478
37.6150340089
35.3893212662
37.6751631055
47.0141405864
40.464280294
47.0961072653
41.2208495679
46.6270081402
46.3711172098
45.1613904923
43.1068415791
42.8264547961
40.1299249483
40.9978646015
36.7535233072
30.6870014067
32.1403190815
45.3358418229
38.951157201
31.6623621818
31.589933695
26.7624974816
22.359610406
22.8033520743
21.283612413
20.0300065765
20.3624296414
17.9008642656
15.9806546643
29.2253072754
40.4163634111
17.2607427404
17.6254909889
17.6841201001
25.6343237087
20.2549374366
16.2372470537
25.1743453241
33.0534837664
36.8366357648
36.1080869346
37.5176240211
38.3559778394
48.1187257355
48.9423438739
43.9118980731
45.485580437
45.6973567453
41.5321752968
46.1087011464
39.8664188014
41.9323383959
44.2293785419
36.9278094929
33.0649351242
33.3402309182
30.7430360882
34.3935096213
28.4692884583
36.5513276348
26.4552877892
25.4194069889
22.2787969687
20.9434193331
18.6288994389
19.5662027073
17.2604655626
17.9653108235
27.2487675596
45.9227777131
16.7582574441
17.1699166416
15.3689874284
28.9829756294
24.5826338749
18.3116658676
23.5113968526
34.192566966
33.8264941856
37.4815177785
33.8622781763
46.6066992762
44.12496265
44.364753975
45.9796912975
44.8188682762
38.2709611392
44.7700057752
44.0403119702
43.7538534652
44.3496579434
39.1310254858
32.649434588
33.467539729
29.7174037102
45.9412948556
38.6135925805
31.3879648586
32.659572618
24.2379993549
24.1197587251
20.3665205662
20.9741289715
20.4581290744
19.8282163928
17.7457289914
17.588423995
24.3103082903
45.2493079062
15.390031463
16.1846612384
21.6044700954
25.8553027343
26.2994445622
20.1218972312
19.8853322831
31.5494581911
34.4678167181
38.281876794
40.99515382
44.9860805441
46.1877058747
45.5154375485
42.2371392377
45.0620826286
43.4708851999
39.2640821073
38.6608343552
41.8285180007
38.5027052179
43.8175767203
39.0077008884
34.438494905
33.3062859504
33.5744253473
39.5842836499
34.9442323716
31.6866743951
25.8381296539
24.1626769499
21.6619099863
21.6660825588
19.4150754608
17.6190907128
18.1605580776
17.9011347793
32.0075201821
45.4653654959
15.7980879816
17.2185449488
23.5822680723
25.8839278203
27.8947663211
23.0744832755
23.0215229314
23.613276438
29.7601322781
42.496521866
47.8086621257
43.0116445993
43.6854575067
44.8188682762
40.0796981356
41.8026537207
43.2467188053
37.0090660648
41.480877234
42.4520409619
43.9079147304
46.4789513361
33.6783542317
32.3281504772
31.2951603785
30.538324156
35.4462842917
31.3376343483
31.2637580855
27.8703566852
21.8102738972
22.9759193471
21.4150970067
18.8796265112
19.5101455896
17.8662486316
17.8088239643
35.7597250127
45.2158497079
15.9014828594
16.1458031487
15.8060049084
30.5832811804
26.5120782131
19.9082742638
24.675183571
23.4836858098
26.758885726
47.7154235211
47.5462862298
40.4032915737
43.4457099266
38.2709611392
43.041204526
43.2467188053
39.8074189612
42.3362946505
42.4954725794
38.7119058174
41.5153439341
43.3523899311
33.215499369
34.3659435747
31.627745578
29.9046599238
30.2275551002
33.660208641
33.3021054709
26.6964454472
24.2373091423
21.2994973805
21.5668673868
20.5077826613
17.0648116937
17.1029991697
20.2974464449
26.0112160147
41.2183311884
13.786712406
16.9582410435
15.968635704
26.5715798992
26.8654831133
19.313729548
25.7580766485
28.9035139774
31.6313021908
33.2647790277
35.6532267939
34.0875448432
34.2202372116
38.3860331035
36.2374757782
36.683552657
40.3219934607
38.6210322779
43.9983629377
43.2708184711
39.6868308675
41.3853535207
35.3542780001
30.0097182918
30.2198291457
31.1711391252
45.7323874823
35.3363875872
27.0382210854
26.1603640404
22.1129846814
20.5403625335
21.1735557016
18.1531980256
18.3140370345
18.1644028988
20.1792557246
36.2251505313
45.5869417909
16.1622583913
16.0185700164
15.2515561944
25.9117132084
24.3448942878
17.0402151403
27.6558745768
29.9598248141
31.2050470236
30.6522764802
31.4627811622
28.9332241695
35.4408782591
36.8243086692
37.2968656665
41.480877234
40.4578347775
38.3830629828
39.97441597
37.2053870244
35.6609921283
38.4229276799
36.7417424028
34.8580647734
30.7515267394
28.6598293178
48.5623022268
35.8152359562
39.8870619446
33.7967214578
23.4221104067
23.9477046406
23.6621497768
18.6863870267
20.9081470083
18.0975240381
15.6352589437
20.0549182075
35.9895254415
39.5871156599
15.3013921182
16.0448999857
16.372364253
27.8264339039
27.2319129198
22.9060874245
28.4189727945
27.2199935467
29.8896043399
29.7930718282
27.5049651626
28.945152753
37.0764035797
33.0949386268
39.4952387301
37.863113716
40.1946783567
41.1434689706
43.0041988195
41.8616229838
39.185743616
35.1738222889
37.1850516875
32.0760759847
28.2943349605
30.777571282
39.6276180936
30.0141470261
23.269762196
24.2872806028
20.4033783208
21.1705665312
20.1309429623
18.1857973896
17.9350585414
25.838878858
31.978571144
38.2775906046
16.1509698535
16.4812546275
16.8243908668
24.938702282
20.7750176383
16.6661398052
26.0665784412
29.561013079
29.684811053
29.1702714661
28.4592331582
28.7468305235
33.2867736677
39.4149524655
39.2246309407
41.7444391258
40.3072721162
38.9416617436
35.3473357109
39.185743616
35.495770178
39.0124445568
35.600443885
34.0915368464
30.8338511474
29.8479635797
37.7891033767
40.6197584606
26.9149292858
25.1009864236
24.6358815799
22.724376133
20.8979948178
19.171077701
17.3670952562
18.4390584436
20.0365485554
45.583400343
38.3423915733
14.7375045904
17.8792828374
16.2807950096
26.8956702607
27.5737224143
20.1641131454
24.1742148639
30.4299838684
27.3043919289
26.1499694575
28.6503975133
25.9566440947
32.2699403619
40.6425624848
35.8982045142
39.8504190717
40.0169172809
32.7253268639
40.7238053842
34.864450776
35.2400751641
34.3761450448
31.6187058381
28.1312713668
29.4203626634
26.6639162324
30.8116385147
39.4828940923
31.3970346644
25.8388509862
22.8329426282
22.5606802999
20.747455386
18.8124338177
18.2429982402
18.4135370398
29.115545554
46.6913083401
35.8055277536
14.8543302235
17.5798952699
14.0981220525
28.7581848673
28.9097733485
18.7513010659
27.0672744897
29.9833690902
27.4668228067
28.3376493234
28.0406124973
27.1757100162
32.7971423725
37.0879928576
34.7135167969
38.4483623797
31.634222653
33.0220876605
37.428503943
33.4324317924
34.3637879708
33.5276011108
27.7326050247
30.3858883881
30.3803010791
29.4089154097
29.3687706933
33.5821742919
44.1859270984
30.6250961158
26.6241881512
23.4404005919
20.9757635959
20.7162386243
20.3263730125
17.1116342305
17.7489540754
29.9521428344
32.4820710874
34.3528952972
12.9794790208
16.7527665459
14.5379290744
22.0658742602
30.1679481399
22.6237405016
25.641222502
30.8737108852
30.3195476318
26.4405870289
28.0134880824
28.5057958391
33.6189486649
40.8036104308
32.2343615351
31.8081266089
32.9523456951
28.4758120742
37.4811490515
36.5520042875
32.3941026726
29.6663110855
28.9949267398
28.1163099398
30.880881074
29.636209748
27.8077241936
28.4094595017
41.8971915783
40.132453254
41.0274726319
23.8517392544
23.4124775536
22.8214951638
20.1708382348
20.1653349478
18.0616193384
17.1223458421
29.1802540099
46.4317004318
33.5199119043
15.0905416242
13.9929959498
13.2249182803
28.902668317
26.3870529821
20.8660920338
25.7579614657
28.8600502881
30.7585922442
28.6829445221
25.9526036431
27.6739532146
29.8518468305
34.9177323174
33.8678705384
29.197929087
27.7896759119
29.3105148266
33.3866479541
39.8990399576
32.9422198881
25.7800478231
28.319367141
32.2005072239
29.8897372935
29.6307602887
28.0057219195
27.1126919717
33.6259502006
38.5516600023
35.5271012245
30.8527111964
21.8547812281
21.8813196981
21.1815782346
20.3785930128
18.2305962806
19.9559782444
28.1809674388
48.6400461554
34.628148757
14.2652292284
15.6424278719
12.6925791807
22.8472352058
32.2638293538
19.6240614951
22.8436611745
29.8948485787
30.0358026528
32.623931184
30.9918163861
27.4341746764
33.8899610422
32.3602976128
31.433199241
30.538324156
27.1590918266
26.4364958311
32.544772585
31.2766670325
33.8133725247
31.6177782455
33.0229642449
34.2471840712
33.9632579417
25.809449276
26.9291540107
26.4725446624
29.25265574
35.5979986443
41.7175806987
28.8069095332
25.4770002862
21.1224324682
21.5675154514
20.2020244827
17.8620020628
22.6774794924
29.7592060134
39.9710375287
31.6400220654
14.7627146999
15.17470313
13.7316217519
24.8131693188
25.4125240505
20.279114687
18.4401428919
30.077937207
33.2422708642
31.8088206647
33.0174568481
32.3479456424
29.548282315
32.8778255974
32.7190696557
30.7434018262
29.8609076753
27.3411197233
26.7826946161
32.5846813952
28.8903262167
26.0488793035
31.8854025132
31.632786687
31.1086511545
30.0760022738
24.8067590942
24.750399851
25.7841681385
28.4569510617
41.3402556074
37.0547280448
26.6520009057
22.3851546801
19.6509324096
20.6821463233
17.8048105479
24.029994042
30.6195911846
49.9932624601
31.5951971844
14.2738392802
16.2368977141
13.1484119048
25.5549801378
25.0162661895
18.4037289988
18.4480997242
30.7185659967
27.8038056281
32.8223848392
32.7060390362
30.5429648638
31.3996712663
28.4872549787
28.1395150173
31.1978313627
26.2852835875
28.3071550206
29.455952863
28.5948049293
29.5260804097
30.0299198634
25.6081057829
28.1875105994
28.1739310022
28.8337990141
26.8354569367
24.341015494
22.6626911202
24.7324516917
26.3755481759
42.4266699293
33.4702743659
24.8965166075
21.8996692971
20.3473736276
19.3185488592
22.9197258808
35.7644700996
50.6884668835
29.8646669502
14.7134633566
15.731413153
14.5137855984
19.2388771193
26.29491583
27.9446266087
21.817275416
25.0878024793
31.5561356822
28.8783752266
28.9962559644
31.7279790025
27.318177322
30.9511032383
29.8359774135
26.3528216393
29.5192254711
29.5848014277
24.6743456985
28.9767964711
28.5534272935
27.702025412
28.3549440861
26.4663413267
24.9470301835
26.6136664857
23.9948753317
24.1018326018
23.7
22.6632939196
26.7406398064
34.194675612
31.5977540111
27.3476198008
22.7774575424
21.8557810261
19.6268976418
27.3047518455
30.6231878475
28.6850200215
14.5629673382
16.4264976621
13.8522844047
20.6388964265
25.164963065
18.8787661638
20.2954154922
26.3804968779
29.1145611659
30.156447037
26.3101260296
26.5760053976
29.8083347457
26.3456882564
29.5308014194
28.4850325295
25.940126882
27.531584549
27.9902141069
24.9353105775
26.6003387923
27.418676453
27.2113799664
27.2055461277
24.8690564523
24.134236369
25.9064211394
22.2809476895
23.2942732787
22.1302417356
22.9706434794
31.343211029
34.479471543
23.1639399366
23.5569351645
20.75598789
21.6483984715
29.0438830231
36.2524455459
41.1472936255
29.2447240448
11.9756199278
17.0224061019
15.8706278283
16.3557348914
24.0960065667
21.6660497431
18.7274273935
28.0347135476
29.4729495594
27.0635042525
28.825688317
26.6733732585
27.7467529907
28.4655166409
25.4015120698
27.5494127669
27.8176221287
26.6453169237
26.4811377987
27.3064608528
25.0199547144
26.9240110784
26.5190245394
26.5087585439
25.3285898668
24.3912969562
23.0175594525
24.8253542589
20.46125309
22.498146066
21.9567355557
25.8959927453
30.9418349794
28.1831810539
22.7986152447
21.4020898327
24.144631929
32.3069816425
26.1289947185
14.6677942687
15.5695190909
14.5238552852
19.2327305678
19.8259922919
17.1311880561
20.0733948833
26.3579424044
26.471033345
27.3569905263
25.7423822886
26.3784249987
27.2364959183
25.2425153709
26.9829079412
26.4587932963
24.3514335077
26.5409937688
25.6208886044
25.4542385259
25.6530837086
23.7312900901
23.3909773887
24.7106450975
22.2519431839
25.010823919
24.9697328072
22.3942986331
22.951396545
21.5089191282
18.2004519185
21.7692495516
27.9645401435
30.5164827079
28.7751316546
21.1654302587
22.7938003922
34.7914529672
36.292504853
44.7514481665
26.3759577606
13.745354926
16.640818248
15.721613676
16.6745744245
16.8114738068
17.7984196692
19.6293792121
29.1176212683
28.1591062739
23.4050553061
26.1765335119
25.3484311611
26.1514215572
25.8494625381
25.9079362678
24.7040397905
25.2701938195
22.6852100914
23.1530833415
25.161870376
22.8448798925
24.8094573811
24.2735004514
22.480787176
24.2243074574
24.1917007647
21.6085434424
23.5727603907
21.6251840676
19.7979818052
20.6208593489
18.5503215074
21.2720370331
27.7958831688
29.2427591535
22.8357891505
28.7513158872
33.6444687775
25.5208901528
14.2691224697
15.1417246546
16.1143287649
15.4475411009
19.3645785803
21.1798537488
26.9555151518
27.9047181853
29.6061573269
26.5273221445
24.1336983955
24.367740246
24.0989341452
23.0488245568
25.4179009217
25.1066558157
23.948301005
24.6453369464
21.7146794145
22.1317004724
23.3471698639
21.6860015182
23.6473110821
23.794044242
22.1758192903
23.0638861781
23.3471015533
20.6050019462
21.6581798318
21.289198511
19.5969321551
19.6275531509
18.9199439307
21.3515404803
31.5117618246
26.7765660648
33.3465620157
41.7938179294
24.3638805683
11.8367937475
15.5683922608
14.6156079431
13.8702005604
19.1249881748
20.6688777707
22.1756575219
30.2922377034
27.2719381128
23.6022293459
25.0062818112
24.5628652885
22.576189656
23.3809962305
21.2616904938
22.1036604582
23.4904195975
21.8543528322
23.5290349259
23.3759912287
21.4305711394
22.7358152524
23.1921358555
20.6840911161
22.9776131896
22.0072274977
21.3724426643
21.7510770337
19.8908649532
18.9592760494
20.1228824895
17.674892233
19.4102167409
20.3716416086
27.7577053657
30.1151731142
35.1971529872
23.2607091494
13.0337732169
14.8980660264
12.5638024683
12.4033488241
18.2838767367
19.8170650515
28.3445386708
33.760767615
24.1770850709
24.2636339999
23.685480931
21.1427847197
23.3403681822
22.9266816022
21.1193644099
23.0038167686
22.4218423764
20.0259073061
22.6042134921
20.1309429623
20.370658461
22.1426536377
20.9830038708
21.3668588536
21.6204023088
19.5758257668
20.9571561107
21.6186479154
18.4529189169
20.2083364945
19.8646612276
17.548552936
19.4193591123
17.7747202536
19.7257291392
31.58478093
34.3553086754
23.1088352796
14.8370787412
14.959554741
9.22084976446
9.60854852974
14.2553929186
21.6495532933
31.9393934399
32.4243543398
23.855441922
23.1441006756
23.0620615735
20.1167291329
23.0298564105
22.4694413787
21.3686392522
22.1024553937
20.8794753529
19.7594899167
21.7185098214
19.0465329457
21.1444567402
21.8480758248
20.9702105652
21.6539461582
21.1911204629
19.4347569614
16.726363641
21.1863072398
20.4185249459
19.9394921335
19.7273604911
17.9561483519
19.2851362188
17.6479869437
19.7310611294
24.4621880969
21.9199485498
12.0151242732
15.3819236347
9.06270608483
9.67735858059
13.5873828989
29.735667144
32.6380078365
24.9539609449
22.4474036653
20.2312487858
21.7178699842
19.4910425633
19.6432996027
21.4465091914
19.116770103
20.9653441721
20.9833252562
18.6934631774
20.4697014569
20.7283423353
18.4390584436
20.3092586076
20.8230729212
19.6227295418
20.3471349759
18.6959372914
18.6434876677
20.0649557533
17.9563909105
19.6645740101
19.0731140092
18.2690975398
20.2176068602
19.8364779067
18.1952809505
28.3702022755
35.4211798355
36.2192320492
22.9165589035
11.6291266231
15.743588988
9.73563278233
13.4158150759
13.4466166971
32.2457846184
37.5653446743
23.2582886874
18.9733236444
20.8145309589
21.407630539
18.2422793085
20.068820531
20.7405773908
18.3061378286
21.4863351244
20.2974464449
19.9257474869
22.1280755815
22.2845132913
22.1318274721
22.2826650401
20.2526872343
20.4949107393
22.2253024413
19.2547523311
21.9890194259
21.7816208868
20.1147109085
22.1415045066
20.2428612834
20.4430430948
21.2561150686
23.4060063106
25.1429724118
22.2752846245
29.8928103416
24.531871561
13.2597120384
15.3674388975
11.9179502351
13.7962214724
14.8764005071
27.4913860831
30.8586925287
18.2180123254
19.2425831697
23.2476671332
23.6598665529
22.60516383
19.6547033304
21.0970711632
21.2781351454
24.8925491287
25.7249292763
26.4029013095
24.8360097185
26.4922866511
27.1994588792
24.7040238496
26.3581134834
28.2423257089
25.7154325778
34.3689787797
31.3726528573
36.4432305748
35.6798967481
35.7160321516
34.5528885633
34.1560130451
25.3330726987
13.6284004337
17.543867418
20.3941138015
29.2647284427
25.6828145627
26.6496880388
11.605341562
10.3346563513
18.0914503035
32.6428501344
32.8116792556
30.2958657498
39.6910831949
39.5684187307
29.7042697084
32.3992658132
12.6374024444
13.5772326522
20.712553644
30.6218256797
25.6680851413
27.7512450066
13.0579790046
13.3706896881
18.2149402994
35.9245503782
37.8800158281
34.6293666673
33.7661610473
39.2687597005
11.8834434144
12.2120174924
21.7572537501
26.5142923233
31.1914043198
32.0147713026
11.8177079062
10.365954757
14.5791068677
32.5946608592
40.8523207095
34.7692377069
30.4317617809
15.5186056373
14.1227543184
20.5478447932
23.9290124169
28.2840383489
34.4040063311
11.7147687102
10.4899848725
15.4523224927
27.6743745396
36.6241614751
33.1397762958
32.6466952972
