1.291192329
1.9540317524
1.79893485284
2.22655290401
3.34572134708
10.9066421757
16.133054436
16.5160775998
0.563277876778
1.03729865274
1.7439118436
1.73527083811
1.53029670224
2.50807108728
4.21972842111
9.16455604794
10.8571484945
14.3314530953
13.6656455814
17.1125158774
14.8420862398
19.28665747
0.61353315203
1.07707397948
1.56394014134
1.49995033269
1.41322482338
2.10712094747
5.45558555763
9.7522477537
11.3498992017
11.3757748182
14.3314530953
16.5299722283
15.103922266
16.8692377229
20.7280022017
20.2212639126
22.8694929505
24.4442402591
25.6578632216
28.1542096203
0.997579551955
0.576888680492
0.847842491136
1.49348610286
1.33348286404
1.34528132225
2.8809912781
4.83626525836
9.35345695336
11.2230730703
11.3757748182
13.8282555525
14.455043669
13.7928932851
15.9605713608
18.0867646808
17.0011690258
19.5498713925
20.0148499821
19.7592731677
24.3919964853
25.0359058255
25.6578632216
27.1542351915
28.375907073
25.9658052736
25.392322899
0.0
0.746962995516
0.501854762582
0.94780416756
1.32607056588
1.14696957456
1.44667393162
2.62262827008
5.59754212061
9.07296773015
10.4039010085
10.2825126941
11.3896828448
10.782401419
13.1065562691
14.4782468179
14.5485200952
15.4807657444
15.3361832267
14.2881301484
15.7447151213
14.5742710926
17.9004796618
17.762645541
19.4724463404
19.9801218935
19.2154710648
18.2288417213
21.205
21.6470502885
23.9894450918
24.1928659354
23.5028777329
19.6335214163
19.9670650204
29.8018799465
0.551496043418
0.54198918379
0.986009415617
0.900556076037
1.33348286404
1.86896892323
4.10943425962
7.1896823956
4.841646693
5.33794498148
5.86546851787
5.7196506144
6.77552575684
7.33507187458
7.03211345544
8.30219715721
8.51678775857
9.18398507282
9.74099918136
9.35083071852
9.79777974057
11.1333079563
10.6825890529
12.2509076894
12.5602147389
12.9407162532
13.7649919521
14.43155584
13.5892136555
15.58
15.8322704227
16.178435137
15.5603372304
15.7748318069
15.4865637815
19.108898552
22.6282448705
0.501931209136
0.583868579833
0.920066110751
0.778482246984
1.24894179357
2.11042967337
3.50496231633
6.82226540906
4.841646693
5.33794498148
5.74716694074
5.68430562696
6.73053554597
7.1415343581
6.90529212334
7.82534453164
8.40861022783
7.8613923369
9.48380033934
9.17982064686
9.73685718915
11.208229275
10.6825890529
12.3322550181
12.7292620436
12.2875432445
13.5833957522
14.1404834711
13.6764793871
14.96
15.6159544313
15.1397933791
14.4438272086
13.7449615673
14.5917845408
19.108898552
23.7897478652
0.0
0.525666481891
0.484754009198
0.915879234252
1.06308865986
1.1705016251
2.27244879144
3.77185617839
6.42423034032
5.69577887211
5.48728241427
5.38272175957
6.34754392067
6.73053554597
6.91170855728
7.49022316527
7.58278365853
7.75369760925
9.00166504614
8.90103334286
10.2332426883
10.7223690504
10.9872113849
11.8469678158
12.5884991032
11.7741447721
13.0283904826
14.2462218818
14.3329668119
14.9030477264
13.5
13.2570800482
14.3979064092
11.6008114458
13.5939794834
17.1614069756
24.7046141539
33.611369043
36.9212186753
0.525666481891
0.54198918379
0.920066110751
0.92148301816
1.30907925607
2.35502627742
3.15519730076
5.90233121172
7.08178823237
5.16082384026
6.0295642539
6.43486683081
6.38636043282
7.33507187458
7.84739344751
7.48906695755
8.86471008719
9.49918240709
9.36334012219
10.4418749757
9.91962484341
10.3054273849
12.0110748898
11.4008281054
13.2617610534
14.1506206184
13.3155413574
14.835301384
15.2133258833
13.84
13.9935844953
13.0254155149
12.210807165
13.5156924769
18.1250153887
23.2351510231
31.426780509
33.9906700527
0.508388599518
0.569908781152
1.01793434893
0.943107525021
1.40146434338
2.47105287165
3.04673358513
5.2760522574
6.63438566236
5.37441109879
6.11542830182
5.97954022792
6.30537805326
7.43667907073
7.64033821143
8.47309231781
9.04890426117
8.66174635233
9.93959575558
10.8830809606
11.2455862567
11.8375683519
12.0931284267
11.5472532969
13.5449152888
12.2875432445
13.4925976523
14.835301384
13.9431246783
14.665
14.081140968
11.5787359235
13.2401749412
15.0982083937
20.3963780766
29.7243002084
26.2391350094
35.1912099296
0.555335572834
0.546177123394
0.956177920559
0.961941772931
1.61325279826
2.84003834698
3.11863649774
5.19115666581
6.94881893709
5.60536317509
6.34058291636
6.95880429167
7.05896408531
7.64473190095
8.12174163532
8.83417725393
9.50500412054
9.06346844502
10.5842207014
11.1190748595
11.2455862567
12.5380826816
12.261142812
12.5030844082
13.7393196892
12.5242636638
13.7649919521
15.4878668563
15.4266421162
13.93
13.1798243369
11.2872803282
15.1736435155
18.5819801823
24.1074176198
27.9491887465
21.4005422233
31.8050718153
0.0
0.567377733276
0.598177373481
0.964551673557
1.15307451099
1.49995033269
2.54108694204
2.85052394225
4.00261838361
6.18385440304
5.81200450651
6.58100225054
6.52426885786
7.4211352828
8.09712584572
8.41420715628
9.3634009771
9.78568095707
9.06346844502
10.8967661297
11.4474141971
12.0841672587
12.4481770992
13.0777708705
12.4176697131
14.5761038474
13.3834711115
15.1950620263
15.2625205062
14.9030477264
14.195
12.1136955219
11.5204448044
17.7062150283
23.5028777329
25.0079326249
25.627437
19.4265889473
27.6062605536
36.3998914183
0.0
0.525666481891
0.522096470669
0.923729627688
1.26887025741
1.60628033884
2.98637819556
2.97848675282
3.80499258025
5.47833496571
6.69413724906
6.73364944684
7.22493125592
7.81704913845
7.48748266881
7.90174544698
9.0932763684
8.92610814519
9.97506857842
10.8967661297
12.069890858
12.3601105798
12.9201814069
12.0931284267
13.9225952925
14.5761038474
14.7818750697
15.658132336
15.3751936812
12.6292906074
13.585
11.5471536395
14.0534588875
20.1516442956
26.0639812308
27.2735595485
21.7480543348
16.868875099
26.1102031686
32.5106914016
0.588495145065
0.590848479173
0.935766897624
1.26887025741
1.92352724244
3.47348083438
3.8510712516
4.46049788577
5.56280957683
6.27390865911
6.58100225054
7.45155499891
7.00947485335
8.60274260752
8.99396181731
9.3634009771
10.2388570994
10.4973072989
10.2163286869
11.7962747433
13.2596141332
14.2013359564
14.3398324156
14.1340983469
13.642117489
15.4701177702
14.2462218818
15.4878668563
14.5055038378
13.26
14.2562539135
16.7454487498
25.3856254221
26.3268018954
19.1976033247
18.0685186555
17.651234629
20.310672071
23.0960583515
38.0787379978
0.0
0.567377733276
0.53605626935
0.986009415617
1.27445077531
2.06036175855
3.04491413499
2.85052394225
3.62545928001
5.2358615449
6.86431246317
7.23356901472
7.45155499891
7.87778592312
8.21808679352
7.84739344751
9.50673240213
10.0078834527
10.657996136
10.8967661297
12.3571877784
12.2669349129
13.7480619784
13.3747265282
15.0492557938
14.9141984568
16.2197324312
15.5400948061
14.43155584
12.9347206682
13.1
13.9935844953
19.6070127766
27.5423960007
23.7153710362
17.2761222629
18.1919535585
16.453622733
20.760104948
26.6894777844
0.575754888366
0.651922598403
0.819057715202
1.23678227948
2.02724257631
3.28010317734
3.25147408205
3.51968772328
5.88193588551
6.86431246317
7.00269013032
8.01499568102
8.59987880757
8.34388617923
9.20360524385
9.22558229919
9.37051313636
10.7383405545
10.5093400259
12.5521392601
13.7004067111
14.8081986377
15.9926250891
15.5495418648
14.0436048376
16.2197324312
15.658132336
13.7696009365
13.6764793871
13.93
16.2752031672
29.5959909074
24.6558091151
18.5819801823
16.599302068
17.9450837525
18.0063054927
19.1840115711
21.7052602873
35.4883039308
0.630555444579
0.544083153592
0.972925426556
1.22631880842
2.06036175855
3.19125398356
2.71768635793
3.18567228098
5.2358615449
7.10741991191
7.47971261876
8.08152742209
7.47512353585
8.60274260752
8.66267343958
10.1158909585
9.78568095707
11.0751690784
11.8539365038
12.757351346
12.2669349129
15.3326478685
16.5709071592
15.9440764086
16.1566961463
16.8992077087
13.7649919521
13.675706624
12.1202405062
15.69
22.8779912875
29.5959909074
19.9882525851
17.4244508721
15.5840717757
17.5865347486
17.41652677
15.1329590635
19.8865243572
30.8730888932
0.0
0.645739038179
0.537801244186
1.01793434893
1.25770922161
2.39765448299
3.74630012351
3.64633075468
3.22046555622
5.08568445846
7.57106054628
8.24294860027
8.81753480758
8.81808133028
8.21808679352
9.49865895526
9.22558229919
10.1599167391
10.9052097315
12.0460217149
13.0754300793
14.6680001749
15.3326478685
16.4224293304
16.3589477845
14.0436048376
16.2197324312
15.7761698659
12.6006167452
13.9431246783
18.35
26.3235960087
29.5959909074
19.9882525851
17.9221325562
17.2761222629
15.5880648908
17.651234629
17.5894483501
18.5775379438
30.262440664
0.0
0.661620728037
0.554553002603
0.900701806941
1.14819155783
2.36802153045
3.52469978139
3.15519730076
3.44035905573
5.27497016116
7.29843290734
8.98328750233
8.15013828006
9.20724665429
9.09626327455
9.06384295949
11.1826075255
8.57526209952
9.43428883827
12.0460217149
13.6363431144
17.0403960009
17.9923546818
14.4570517541
16.6477308011
16.5666358602
15.1194208528
15.3085596512
13.8588005334
15.5381483289
20.83
24.9896473946
21.6895954851
17.5809480503
15.4784595681
16.599302068
16.793024658
16.2490056251
16.7275222846
19.3453088209
27.5113096946
0.0
0.635442118381
0.520351495834
0.964551673557
1.11749870938
2.20416873409
3.83619460192
3.45987065927
3.73540602977
4.87449793065
6.42498257368
9.07296773015
9.7884824037
8.96879853669
9.98895506931
10.593463516
10.1158909585
9.37051313636
10.3427988017
10.8186297726
13.4071896184
14.9296087781
20.2212639126
20.1851700978
15.5495418648
17.1456228788
15.7112219009
13.7649919521
14.835301384
19.4990429263
25.285
28.7648764837
21.4988245499
16.5134555417
17.7935181884
15.211247092
17.1221843993
17.41652677
15.046766457
17.9796835723
27.2606225268
0.0
0.667205498097
0.603412297986
0.920066110751
1.20608943104
2.27040709858
3.42330717202
3.55005397339
3.54056368842
5.12322873007
6.80700856454
8.24294860027
9.88620089838
10.8043991401
9.17125906218
10.8781644657
10.1158909585
9.1746240942
11.2513087652
11.3134933674
12.859957389
17.0403960009
17.636478418
17.8603198832
16.6477308011
14.5761038474
15.1194208528
14.2462218818
14.7320176402
19.8432577567
27.925
28.1159285093
19.7659885559
16.4045277347
16.4011278588
16.4960583095
15.7761561715
17.0855285073
16.3273423256
16.5888855081
26.3092968645
0.0
0.684134332342
0.576888680492
0.94780416756
1.0916888141
2.81338737589
3.42330717202
3.1746963957
3.90102201991
3.8889608009
7.04490656795
8.72187917866
9.15019351289
10.0868052768
10.6469826253
10.145706568
11.3810664217
9.50500412054
11.7148342568
11.9483512686
12.757351346
14.2881301484
18.550518506
15.3166602368
15.0492557938
14.5761038474
13.4755290523
14.9771465864
19.7318897839
20.9437755946
23.54
22.8779912875
19.4480369974
18.229068502
16.1830426264
15.6815797698
16.9047038559
15.6772813531
16.3273423256
17.6398505611
21.5141012962
0.0
0.667205498097
0.546177123394
0.951991044059
1.12586948623
2.69747023804
3.6051866981
3.19297679721
3.87736259275
4.55693596662
5.4108772161
8.72187917866
9.98599850998
10.0868052768
10.9518042138
11.4967419835
9.87884283248
9.37051313636
10.9052097315
12.0460217149
13.2943229711
14.0480236222
15.8870656268
18.5792651597
12.1695603608
13.642117489
14.4618641326
15.7761698659
26.2199867816
28.041388435
21.015
20.8950946991
18.2769154234
16.627829739
16.4011278588
16.599302068
16.3756971289
17.1938552115
16.3273423256
15.2987787064
19.8942765198
0.0
0.611183273434
0.578982650294
0.875580547944
1.16214285258
2.69747023804
3.19125398356
2.9955484609
4.16405918073
4.05008829989
5.56542409423
8.01970207568
8.50982550517
10.8043991401
11.0582498479
11.9470871219
10.7140240206
8.7477614053
10.1944706444
12.0460217149
12.069890858
13.9297621988
15.3326478685
13.6834041197
13.8168437653
14.6859845955
14.672282283
25.0452649819
18.65
23.3157736512
18.2769154234
17.0907729188
17.1895898527
16.0773475109
15.2177601819
17.1938552115
14.720465875
16.4881942455
21.5141012962
0.0
0.821659295067
0.605855262755
0.920066110751
1.291192329
2.47435153661
2.64352483604
2.6092226423
3.87736259275
4.61794540799
5.64530225595
5.59642783439
6.95880429167
7.31315877672
7.69795471798
8.66267343958
9.02712340301
8.86471008719
11.0751690784
12.3422887355
13.0754300793
13.7004067111
13.1187229014
12.7026689872
14.4635550278
14.0436048376
17.3288114326
19.765
22.4556600661
19.4480369974
18.229068502
17.4244508721
15.6815797698
16.2698957835
16.9772018031
16.5243539977
15.8274078349
16.3525167904
0.0
0.640503316248
0.54198918379
1.03729865274
1.2109723842
2.17889356869
2.03307861056
2.18877340756
4.05411243097
5.19831727329
5.52548501336
5.74716694074
6.43486683081
6.00169412989
7.00121965865
7.90174544698
7.97694507734
9.85877388325
11.7148342568
11.9483512686
13.1848765252
12.7435642858
14.3212100663
17.3562767275
15.419386139
15.8904466415
18.9376335413
21.1604971929
24.0077723946
19.765
21.0805084061
22.8925122149
17.7062150283
17.072159343
16.4960583095
15.4940192504
15.0453755788
15.570078711
14.6379922958
17.6830871425
0.0
0.775235893944
0.70147988372
0.99961676424
1.41535885227
2.23031545691
2.47105287165
2.71768635793
4.08194705116
4.77594421768
5.09310105097
5.82539862885
5.86518879797
6.6855453351
7.43667907073
7.53939878384
8.41520847309
10.0839000959
9.76493702225
11.5772035725
13.1848765252
13.815084455
14.6845784619
15.7152059878
13.9225952925
16.0214583026
15.4701177702
23.7073838964
19.275
23.3157736512
23.3217468189
15.974262897
16.7310516718
16.8229968782
15.129592394
16.351314179
16.4258481617
14.5624738489
16.6417712148
0.0
0.672790268157
0.583868579833
0.94361729106
1.36304149696
2.31137029767
2.20450529031
2.8200566064
4.08194705116
4.74309298002
5.64530225595
5.86546851787
5.86518879797
6.91499541053
6.53189118119
7.25469783422
8.53097616254
8.92610814519
11.4336287919
12.3422887355
11.6184242688
13.7004067111
15.0666771872
17.0358772021
16.2165899594
16.4271718339
16.4827551193
22.4816095471
18.955
22.6668256768
18.8439290361
16.0777443136
17.6704957497
14.5917845408
16.793024658
16.5559312869
14.6342732685
15.9155126897
16.9438813913
0.0
0.672790268157
0.588405514404
0.927916504187
1.291192329
2.02724257631
2.10102211168
2.85052394225
3.97617549443
5.2358615449
5.44907981519
5.5220123262
6.43486683081
6.82051596771
6.61414462569
7.74386582947
8.35732462837
9.30326764428
11.0751690784
10.8967661297
11.4474141971
14.4135589307
12.2683659344
17.6883981867
16.5013056096
14.6859845955
17.3288114326
25.3167583693
21.4
19.5250934198
21.8803664202
17.0907729188
15.3833967745
17.1614069756
15.8702018119
14.9611214756
16.3273423256
15.5568000668
15.3690517476
0.0
0.615895423172
0.54198918379
1.0043270003
1.19562595997
2.36802153045
1.98708608672
2.27651933481
4.39786999034
5.2358615449
5.12609420473
6.11542830182
6.66356969071
6.22664518424
6.73994401141
7.12011193077
7.7757298076
10.0839000959
10.657996136
11.8539365038
12.859957389
12.4532862467
15.0666771872
18.3956215293
15.0492557938
15.6368756844
16.6186501748
18.7452677342
22.005
20.1894925365
24.6995369059
15.663818647
16.6192130912
17.0466916884
16.6872233126
15.8638440103
15.9394755962
14.486955402
15.7997194461
0.0
0.701935786908
0.615976116799
0.94780416756
1.40838320489
2.25646217974
1.78430086798
2.35939048832
4.39786999034
5.2358615449
5.44907981519
5.98758627492
5.94003700666
6.64055512423
6.4931836779
6.86388107612
8.19194221488
10.1599167391
9.76493702225
12.0460217149
11.4474141971
11.9085669634
14.2013359564
19.1536399185
16.6477308011
16.5666358602
15.2333973509
19.7939857886
20.285
20.8950946991
21.6895954851
17.2105935065
17.3070203624
14.5917845408
16.1699722906
16.351314179
14.720465875
15.5568000668
16.6417712148
0.0
0.746962995516
0.520351495834
0.964551673557
1.30305092954
2.0838938091
1.76234989069
2.19730426159
4.08194705116
5.31407877742
5.64530225595
5.98758627492
7.06276013708
6.55282421304
6.08433567433
7.34787269046
7.58278365853
9.11030231916
10.98864432
11.9483512686
12.1622362967
13.5857289673
14.6845784619
18.7668161013
17.2497010328
14.5761038474
17.1841489541
19.9801218935
28.375907073
22.635
21.0805084061
20.7728351579
17.8369283967
16.1830426264
16.599302068
17.0105052013
15.960134414
15.9394755962
15.5568000668
15.1183645798
0.0
0.813456664042
0.61353315203
0.939953774123
1.62253557929
2.10655430221
2.14178821235
2.49710284637
4.16405918073
5.0497045315
5.85541655093
5.98758627492
6.95880429167
6.07367846728
6.82461667487
7.79562963849
8.13681474372
10.8177530747
12.1134661795
12.4464705449
10.4418749757
14.1662850455
16.1830048356
18.7668161013
16.3589477845
16.7060998866
17.3288114326
16.7976484904
22.855
18.1756936636
23.9894450918
18.229068502
16.8428902525
15.9798395167
15.8702018119
14.5458691096
15.9394755962
14.3296253042
15.4526141369
0.0
0.821659295067
0.643197724227
0.981822539118
1.24724575054
1.9540317524
1.73412720561
2.17902386008
4.49250769899
4.90891351296
5.12609420473
6.15931437075
6.39120537574
6.86775568912
6.6963980702
7.90174544698
8.47309231781
10.4786018973
12.1134661795
15.9593509315
16.9368374975
17.3880129119
18.3632152092
18.3956215293
14.3537361341
16.7060998866
15.2333973509
18.4183945744
22.635
19.3654316166
23.3217468189
16.627829739
18.1793612918
14.4254473742
15.7761561715
15.960134414
16.2288364896
15.1288622008
15.6261667915
0.0
0.768080407305
0.574445715723
0.977635662618
1.78506816311
2.15448996072
1.62332703455
2.20705380907
4.08194705116
4.05008829989
5.64530225595
5.9055384069
6.95880429167
6.59781442391
6.15449302406
7.74386582947
8.71014044382
10.9931760976
13.7265348901
15.6370384586
15.0523065078
17.7463808615
16.7973596488
19.3490054828
17.2497010328
16.8497900956
16.6186501748
19.0812207041
22.21
21.0805084061
20.4283876362
17.5809480503
18.3135675887
15.8765957582
16.2698957835
15.1356478323
14.4803578997
15.6449049215
15.0348021906
0.0
0.882568193533
0.618768076535
0.964551673557
1.69577987672
2.1187561062
2.08116170366
2.6628451534
4.13622456053
5.19831727329
5.26501274686
5.86546851787
6.95880429167
6.07367846728
7.00121965865
7.79562963849
7.87495925569
10.9931760976
14.8420862398
15.1747316792
16.5948173542
17.7463808615
18.550518506
19.1536399185
15.6796975906
14.9141984568
16.7589289417
17.501333765
26.4
18.1756936636
23.5390137172
18.7846003177
16.1830426264
15.5840717757
16.3756971289
14.6301232128
15.4838861044
15.5568000668
15.195499093
0.0
0.775235893944
0.548271093196
1.01322411286
1.45721273651
1.85641732053
1.74876119047
1.9218795455
4.46049788577
5.2358615449
4.8378382298
5.86546851787
6.57000942984
6.6855453351
7.23830311634
7.34787269046
7.72611508355
10.4786018973
12.7593116977
16.6397883743
16.9368374975
16.3809989737
18.3632152092
18.5792651597
16.0782995008
16.0214583026
16.4827551193
18.5818311543
22.635
20.7148313729
23.3217468189
16.627829739
17.4244508721
15.9798395167
15.8702018119
15.7675536066
14.8005018668
13.9646194774
15.195499093
0.0
0.805603081145
0.654714558139
0.897038290004
1.38885139225
1.97407757323
1.60555719579
2.16927431261
4.52451751221
4.90891351296
5.60536317509
5.5220123262
5.86518879797
6.6855453351
6.82461667487
7.84739344751
8.83417725393
10.2388570994
14.6937580825
16.6397883743
14.375106624
17.9327321952
18.550518506
18.3956215293
16.6477308011
15.2691977967
15.1194208528
18.1006012246
20.11
20.1894925365
20.7728351579
19.0732590062
17.6704957497
14.9416661669
16.2698957835
15.960134414
14.6342732685
15.5568000668
15.2790614822
0.0
0.775235893944
0.544083153592
0.923729627688
1.47116403126
1.93398593157
1.83761038425
2.35939048832
4.05411243097
5.2358615449
5.60536317509
5.55826603532
6.43486683081
6.91499541053
7.09556919794
7.90174544698
7.97694507734
10.0078834527
14.1251668129
14.461737421
17.114687972
17.7463808615
16.7973596488
18.3956215293
19.3403273783
17.297765453
17.9425310381
19.9801218935
23.4923570018
23.08
17.6297533042
22.2725066757
16.1866721206
17.7935181884
16.4960583095
14.9532568183
16.1527152214
15.570078711
14.0338447204
15.195499093
0.0
0.821659295067
0.648781643699
0.803880287892
1.71461412463
2.59026867446
2.18359959766
2.9955484609
4.16405918073
4.80879545534
5.98912564773
6.48178157294
6.34754392067
7.26142003422
7.75359675397
8.17868182524
9.65282020071
10.0078834527
12.6480655798
15.7965668543
15.1925347665
17.7463808615
18.550518506
18.3956215293
21.9556439932
20.7167471905
17.9425310381
18.7452677342
21.4595451349
27.295
19.3654316166
21.3133528075
18.229068502
18.050746924
14.6778210062
15.5880648908
15.7675536066
14.9667304652
15.2987787064
13.5563906883
0.0
0.805603081145
0.518257526032
0.875580547944
1.50115931497
2.28348045999
2.41878864001
2.68965640895
3.44035905573
4.25032441514
6.58300241535
7.67433779404
8.81753480758
8.25570369442
9.17125906218
10.9765157028
10.3639645787
13.9022745596
14.9935045671
14.8817203402
16.9368374975
17.3880129119
16.1830048356
19.5521856696
22.4559300642
18.7727031865
20.0379451197
17.356056805
19.9102889777
26.99
18.9018973492
22.8925122149
18.7846003177
17.4244508721
15.6815797698
14.612341372
14.0764533915
15.6624279323
14.2541068573
14.8741052881
0.0
0.805603081145
0.618768076535
0.828478187326
1.3693195796
2.47435153661
2.64352483604
2.73231067914
3.15227073675
3.78102102002
5.77032894387
9.7522477537
8.81753480758
10.6964226341
11.6195086457
11.4967419835
12.9770067119
14.4782468179
13.7265348901
15.9593509315
17.6687606042
16.542264551
18.3632152092
17.8603198832
19.3403273783
20.9280563214
17.9425310381
19.0812207041
22.3233728105
28.041388435
23.305
20.8950946991
20.0892393071
16.627829739
18.1793612918
14.4254473742
15.4940192504
15.960134414
14.9667304652
14.8016155975
14.8741052881
0.0
0.838239081183
0.556646972405
0.803880287892
1.93085919324
2.59026867446
2.51286425695
2.78958927054
2.74449355093
4.38485805508
6.80700856454
8.72187917866
10.1918310839
11.1395762111
10.9518042138
12.1852006434
13.6495618601
12.630457644
14.6937580825
14.461737421
14.7752701917
17.0403960009
16.6400248795
19.1536399185
22.4559300642
18.4261562119
19.656562222
19.0812207041
20.0933828872
27.295
20.5345680467
21.6895954851
17.5809480503
16.7310516718
15.779087764
15.9701253048
14.7083591658
16.1303306535
15.5568000668
14.1863225458
0.0
0.805603081145
0.583868579833
0.822197872577
1.88342479109
2.83343319673
2.706241914
2.35939048832
2.75841086103
4.19870104168
6.12804418987
8.55587535268
9.98599850998
10.0868052768
11.6195086457
11.2845103665
12.2438113454
14.3320609655
13.2259273592
16.6397883743
16.1023083478
15.7717734595
18.550518506
18.7668161013
20.3531016195
20.7167471905
19.4724463404
18.1006012246
21.4595451349
29.0740329262
24.51
19.6899056038
20.9477085151
16.8565781337
17.7935181884
15.0277026324
14.5300514367
15.4004464425
14.6342732685
13.8891010305
14.796970775
0.0
0.829861926093
0.559089937174
0.819057715202
1.99294245487
2.8961853315
2.55467564226
2.55803751807
2.70691681367
3.8889608009
7.10741991191
7.8785034191
8.58467371387
11.1395762111
9.56317253305
12.5579000684
13.6495618601
12.1802052187
14.8420862398
16.6397883743
15.3361832267
17.7463808615
18.1759119125
18.3956215293
21.4756947544
18.9502028565
17.6312875239
19.253737094
19.3844808274
26.99
18.0366333834
20.7728351579
18.7846003177
15.5791142907
15.3947915517
15.9701253048
14.8768673723
15.8471263749
14.8016155975
13.6913760863
0.0
0.855516963556
0.608298227525
0.834758502075
1.35676341432
2.45866350291
2.58394361198
2.55803751807
2.6818656555
4.80879545534
6.58300241535
6.15931437075
7.94846393996
8.67186314496
11.3896828448
11.4967419835
13.3739245042
13.7648598583
14.2642244603
15.6370384586
16.5948173542
17.7463808615
18.1759119125
18.3956215293
17.7337176381
17.1456228788
15.7112219009
17.356056805
25.02
18.9018973492
21.3133528075
19.3673640851
16.4011278588
13.6339118921
14.612341372
15.6772813531
14.6342732685
15.6449049215
14.6362738726
0.0
0.829861926093
0.548271093196
0.809637243078
1.57161335346
2.38283800672
2.41878864001
2.8200566064
2.58722794685
4.4693326662
7.16993325587
7.17441822616
8.81753480758
9.28822903386
9.81477130448
12.3068455946
13.1065562691
12.5135089621
15.3025215614
15.3277487118
15.6337407514
17.7463808615
16.1830048356
16.5709071592
17.7337176381
15.2691977967
16.6186501748
18.1006012246
25.3420749592
29.62
17.6297533042
21.6895954851
19.5198630149
17.3070203624
15.3947915517
15.9701253048
14.0764533915
15.8471263749
15.468695212
13.6270973254
0.0
0.846790760337
0.593291443943
0.854646165447
1.32607056588
2.23031545691
2.67488337502
2.54585058373
2.93516069925
4.41301625878
6.58300241535
7.60755464566
8.50982550517
7.70007459019
10.9518042138
12.1852006434
12.8474571546
14.6302801043
13.5998379224
14.461737421
17.114687972
17.7463808615
18.1759119125
18.9582743543
16.2165899594
17.4499080273
16.2197324312
16.7976484904
22.21
18.9018973492
20.5979618007
17.3304140942
18.5819801823
15.3947915517
14.2890594832
15.960134414
15.7547771536
14.3296253042
14.8741052881
0.0
0.797749498248
0.576888680492
0.8316183447
1.53952537553
2.55627793479
2.40624522442
2.21680335654
2.69439123459
5.0497045315
7.16993325587
7.80981218076
7.7551060675
8.89231517821
10.4510258899
12.3068455946
13.3739245042
12.5135089621
15.3025215614
15.9593509315
15.1925347665
17.7463808615
18.3632152092
16.2778588129
17.7337176381
15.5100902059
14.672282283
17.9462444547
29.985
19.5250934198
20.2588134716
16.4045277347
18.1793612918
15.8765957582
14.9532568183
15.960134414
16.0379814322
13.6814253014
14.8741052881
0.0
0.768080407305
0.595734408712
0.879244064881
1.23120176158
2.77329573423
2.2264562676
2.19730426159
2.50929101031
4.97774467758
7.10741991191
7.35568677177
7.63035905301
8.81808133028
10.2599075924
11.6054459824
13.3739245042
14.6302801043
15.3025215614
15.9593509315
15.1925347665
17.3880129119
17.636478418
19.1536399185
17.0951411085
16.5666358602
14.2514459821
17.501333765
25.02
19.2109201941
19.4480369974
18.7846003177
17.6704957497
16.0773475109
15.9701253048
15.8638440103
14.3202859161
15.8274078349
14.5591393594
0.0
0.838239081183
0.501854762582
0.803880287892
1.7439118436
2.28348045999
2.41878864001
2.34842224742
2.64568064925
5.12322873007
7.16993325587
7.74112094243
8.50982550517
9.62790512592
11.1671147009
12.3068455946
11.6897802602
11.2709292171
14.6937580825
13.8073454305
15.6337407514
17.0403960009
17.636478418
17.6883981867
16.6477308011
14.0436048376
14.4618641326
15.658132336
22.635
19.6899056038
21.4988245499
17.8369283967
17.4244508721
13.7142125932
15.9701253048
14.3051431003
15.4838861044
15.6449049215
13.7620827234
0.0
0.727067252177
0.528029385109
0.825338029951
1.52417895131
2.62513097156
2.40624522442
2.28626888228
3.32762884396
5.39542469924
6.37288812038
7.74112094243
8.81753480758
9.28822903386
10.9518042138
11.390626175
11.2818369736
13.6274451571
13.9891993354
15.0282260097
15.7876498159
14.7970126367
15.3326478685
17.8603198832
15.5495418648
14.6859845955
14.2514459821
14.9771465864
23.08
17.6297533042
23.5390137172
17.2105935065
17.6704957497
16.8229968782
15.129592394
15.1356478323
16.2288364896
14.486955402
14.8741052881
0.0
0.740156557005
0.563277876778
0.782945905394
1.6860139704
2.83343319673
2.49927555673
2.22655290401
2.80990490838
4.61794540799
6.80700856454
8.09220949392
7.57006466267
9.20724665429
10.1679772721
11.390626175
12.5993835344
12.1802052187
12.5368194618
14.8817203402
13.8757572147
15.9187043188
17.8125435169
16.7232922993
16.5013056096
14.5761038474
12.5242636638
15.1950620263
23.305
18.3147539438
22.4738759961
16.9709523311
17.6704957497
15.4865637815
14.7827990952
15.5809909494
14.6342732685
15.5568000668
14.796970775
0.0
0.740156557005
0.533962299548
0.760964803772
1.48581289075
2.4900395703
2.2264562676
2.30698667066
2.7973793293
5.16077300168
6.58300241535
7.05993282893
8.2894391129
8.59987880757
9.48333830751
11.0774551304
12.4781030978
11.9667738743
13.8563220278
14.7384703523
13.4071896184
16.542264551
15.1977894949
15.4456015092
14.4635550278
12.7292620436
13.4755290523
14.6548133316
27.925
17.2383243672
20.0892393071
19.0732590062
15.2883339809
16.8229968782
16.5814219672
15.310174189
15.9394755962
15.8274078349
14.0449092717
0.0
0.740156557005
0.569908781152
0.875580547944
1.19562595997
2.35320505419
2.33098473087
2.07177883789
3.64633524515
5.43609766015
6.22355068758
7.47971261876
8.21874913803
9.54017421472
10.9518042138
11.4967419835
11.1826075255
12.7474063259
12.6480655798
13.3255045619
14.5050742784
14.1662850455
16.3328474729
16.5709071592
13.2230082664
13.4477130886
13.8525282385
13.955667962
22.42
18.3147539438
20.4283876362
16.7422039364
17.072159343
15.3947915517
16.3756971289
16.1527152214
15.046766457
14.8771340444
14.6362738726
0.0
0.740156557005
0.53605626935
0.791843017956
1.5799841303
2.09522405565
1.98708608672
2.17902386008
3.3638138502
5.60661122704
6.80700856454
6.63061258933
8.15013828006
10.3837406685
11.3896828448
11.8306185516
12.4781030978
12.3994839973
15.1480130643
13.8073454305
14.5050742784
16.0692188576
14.9355648795
17.8603198832
15.2932977797
14.1450332205
15.7112219009
17.0700427902
22.855
17.367083886
23.1044799206
18.6429941686
15.8754865295
16.8229968782
16.4756206218
14.1546893445
16.3273423256
15.468695212
14.334163696
0.0
0.864243166774
0.54198918379
0.88971125613
1.30863144744
2.28348045999
2.11042967337
1.97428336316
3.80499258025
5.43609766015
6.12804418987
6.58100225054
8.21874913803
9.99232583395
11.8590113223
10.6866383723
11.9075337713
13.49587789
13.5998379224
15.3277487118
16.9368374975
17.7463808615
17.9923546818
17.6883981867
16.5013056096
16.2919339901
16.2197324312
17.501333765
22.42
18.3147539438
21.3133528075
17.7062150283
15.7748318069
16.0773475109
14.2067695479
15.7675536066
16.3273423256
14.3296253042
15.4526141369
0.0
0.797749498248
0.578982650294
0.875580547944
1.25770922161
2.24338881832
2.43133205561
1.95234688135
2.97969609156
5.835005546
6.86431246317
7.23356901472
7.33720356896
11.0271006839
11.3896828448
11.0774551304
13.6495618601
14.1858751131
13.5998379224
15.9593509315
15.0523065078
15.9187043188
18.943855429
18.5792651597
16.5013056096
16.7060998866
14.3566550573
18.5818311543
23.54
19.6899056038
23.1044799206
17.7062150283
16.8428902525
14.8498939371
16.2698957835
15.960134414
15.1329590635
15.8274078349
15.195499093
0.0
0.775235893944
0.561183906976
0.825338029951
1.77460469205
2.66086482609
2.40624522442
2.24605199896
3.18567228098
5.56280957683
6.80700856454
7.05993282893
8.21874913803
11.1395762111
10.3542571317
12.9513050169
12.1308000295
14.6302801043
15.4632103985
15.9593509315
16.1023083478
16.8719630646
16.6400248795
17.8603198832
16.7941559926
14.6859845955
16.0882210872
23.7073838964
23.08
19.5250934198
20.2588134716
17.8369283967
15.4784595681
16.3870787865
15.8702018119
15.4907186959
16.3273423256
14.8771340444
13.7620827234
0.0
0.727067252177
0.621211041305
0.951991044059
1.27445077531
2.31137029767
2.19405244399
2.05471712981
3.64633524515
5.39542469924
6.69413724906
7.23356901472
8.21874913803
9.12626427473
12.3646280841
13.5155305353
12.9770067119
14.3320609655
15.3025215614
14.7384703523
17.295958648
15.7717734595
17.4604133191
19.3490054828
16.9446485505
15.8904466415
16.7589289417
16.1439021707
20.465
17.6297533042
23.5390137172
17.7062150283
17.6704957497
16.0773475109
15.6821105312
14.4676331566
15.7547771536
14.4051437511
15.5361765261
0.0
0.829861926093
0.605855262755
0.931580021124
1.11261575622
2.62513097156
2.67488337502
2.32770445904
3.4208748216
5.60661122704
6.17492919784
7.54267958723
7.45155499891
11.1395762111
11.3896828448
12.3068455946
13.6495618601
14.1858751131
12.8736479857
15.9593509315
16.5948173542
17.3880129119
18.550518506
17.1960769648
15.0492557938
16.1566961463
15.0054443546
24.2340128761
23.08
19.5250934198
21.127881065
16.2955999276
16.8428902525
14.7638574717
15.7761561715
15.960134414
16.0379814322
14.8771340444
15.2790614822
0.0
0.821659295067
0.559089937174
0.882384222256
1.57161335346
2.35320505419
2.87557802449
2.57022445241
2.90732607906
5.19831727329
6.32253014885
7.74112094243
9.06494971965
10.8043991401
11.9799722701
12.6873095909
12.5993835344
14.3320609655
14.6937580825
14.0645442725
14.6384621343
16.7035301283
16.1830048356
19.3490054828
18.0672416854
16.7060998866
16.8992077087
17.7964275898
23.775
21.8427647569
20.5979618007
17.4556810722
16.9547288332
15.779087764
16.3756971289
15.2199019355
14.3202859161
15.2987787064
15.6261667915
0.0
0.829861926093
0.576888680492
0.94361729106
1.72438003095
2.36802153045
3.06581982764
2.96264373818
3.38329808434
3.91086162601
5.48728241427
8.6379232207
10.6263665177
10.3837406685
11.3896828448
12.5579000684
12.0177887136
13.3643106229
14.6937580825
13.3255045619
15.7876498159
17.0403960009
18.550518506
20.6306035842
15.6796975906
15.7636611629
15.9610934546
16.2710195107
21.4
19.6899056038
20.4283876362
18.9262064668
15.3833967745
16.8229968782
16.2698957835
14.8768673723
15.9394755962
15.1288622008
15.6261667915
0.0
0.829861926093
0.583868579833
0.88971125613
1.16214285258
2.81338737589
2.92993282539
2.57022445241
3.64633524515
3.91086162601
4.96112843594
9.7522477537
10.6263665177
9.80786596939
11.3896828448
10.782401419
12.9770067119
13.9022745596
13.5998379224
15.3277487118
16.2630578151
15.6248426002
17.636478418
19.3490054828
15.5495418648
16.8497900956
16.2197324312
16.0213247358
18.35
21.265922113
21.8803664202
18.229068502
17.1895898527
15.6815797698
16.4756206218
16.2490056251
14.0186117932
14.5624738489
17.9080628059
0.0
0.760924920666
0.509183656889
0.939953774123
1.18097710049
2.45866350291
2.98637819556
2.50807108728
3.82865200741
4.841646693
5.89882859535
6.8385943943
8.01499568102
8.32318901072
9.02368670587
10.8781644657
10.9896613764
11.8615200606
13.8563220278
14.0645442725
16.9368374975
17.5671968867
16.9584404839
18.5792651597
16.6477308011
14.8000915262
15.5884779798
16.7976484904
27.925
22.4556600661
17.8688775899
17.9676417651
15.7748318069
15.211247092
16.2698957835
14.4676331566
15.1329590635
15.5568000668
17.9080628059
0.0
0.846790760337
0.60062033825
0.893374773067
1.13493782782
2.41247095926
2.72296646812
2.22655290401
4.13622456053
5.0497045315
5.85541655093
6.34058291636
7.11681717669
7.10845331727
9.40350408196
10.5002886598
11.3810664217
13.49587789
13.9891993354
14.0645442725
15.4832518884
15.1983847402
15.3326478685
17.3562767275
17.4083283236
17.297765453
15.9610934546
15.5400948061
27.4781705699
22.005
25.5046854695
22.4738759961
16.1866721206
17.1895898527
17.6317396534
14.4477615013
16.766566545
15.046766457
13.4737495724
17.9080628059
0.0
0.740156557005
0.572351745921
0.900701806941
1.22631880842
2.60769982301
3.06581982764
3.01261016898
4.27818112351
4.61794540799
5.64530225595
6.20320043969
6.26230012743
7.15794254922
9.90186318689
9.49865895526
12.1308000295
12.3994839973
13.9891993354
15.1747316792
16.7658274258
17.2124126167
16.9584404839
15.9926250891
17.7337176381
16.0214583026
14.7818750697
16.7976484904
25.5046854695
20.0892393071
16.1866721206
17.5474733109
15.3030193218
16.4756206218
16.2490056251
15.2191516701
15.5568000668
23.223916338
0.0
0.720609861795
0.608298227525
0.931580021124
1.26887025741
2.35320505419
2.35502627742
2.20705380907
3.95112433626
5.0497045315
5.64530225595
6.11542830182
6.52426885786
7.15794254922
8.95111013719
11.390626175
12.1308000295
13.7648598583
14.1251668129
14.461737421
13.8757572147
16.2233170759
15.4675062421
17.8603198832
17.0951411085
17.1456228788
16.2197324312
16.4026767556
21.6708073382
26.3235960087
18.1391364147
17.5809480503
17.9221325562
17.1614069756
16.3756971289
15.5809909494
14.6342732685
16.104308807
18.1330384693
0.0
0.727067252177
0.559089937174
1.01793434893
1.23678227948
2.55627793479
3.14839731362
2.68965640895
3.69087063746
5.2358615449
5.23028311133
5.5220123262
6.61575000182
6.51008351271
8.74063808802
11.8306185516
11.1826075255
13.2356670728
14.1251668129
12.2413626076
16.1023083478
14.5389877131
15.4675062421
15.8519618828
15.2932977797
14.2506877859
15.5884779798
14.7592311465
17.7976669452
25.7725052685
21.3133528075
18.229068502
16.7310516718
17.1614069756
16.3756971289
15.4004464425
15.4838861044
16.1987068656
26.540700404
0.0
0.684134332342
0.56781481135
1.0085138768
1.07913264882
2.75412147083
3.32609570118
2.52025802162
4.16405918073
5.19831727329
5.30147886417
6.0295642539
6.52426885786
6.86775568912
8.95111013719
10.8781644657
10.8959446754
12.8672787248
11.2513087652
12.4464705449
14.912078249
14.0480236222
15.1977894949
15.5784500929
13.5158586494
15.5100902059
16.2197324312
16.4026767556
17.093459601
20.376548339
27.925
20.9477085151
18.9262064668
17.3070203624
16.0773475109
16.4756206218
16.766566545
14.6342732685
15.7330097762
27.5113096946
0.0
0.661620728037
0.500109787747
0.968738550057
1.12168409781
2.13008635275
3.49856766557
3.06501398664
3.97617549443
5.39542469924
5.89882859535
5.67084334259
6.57000942984
7.26142003422
9.24867406878
12.0635556922
10.1985821652
10.7300415633
11.813719695
10.8186297726
15.0523065078
15.4814954204
14.4410841762
13.8943989291
14.2439172405
14.4662230994
16.6186501748
16.6614513404
16.3141368068
17.3755767896
26.69
26.6068669499
28.2870903248
17.0907729188
17.4244508721
17.6317396534
16.1699722906
16.766566545
15.570078711
15.2987787064
27.0163632351
0.0
0.650974760111
0.586311544602
0.815917557827
1.02890798773
2.81338737589
3.08568023566
2.85052394225
4.02766954178
5.08568445846
6.03427417393
6.20320043969
6.13755311294
7.10845331727
8.28098648638
10.409701994
10.804984348
9.93186680943
10.0461424871
11.2288456472
13.5200562657
17.0403960009
14.8081986377
12.1751819637
14.0283468197
16.7060998866
16.2197324312
16.7976484904
16.5676514507
16.7210838023
21.6
25.7725052685
24.6995369059
22.2920757032
16.4011278588
17.0466916884
17.1221843993
17.0855285073
15.8471263749
17.9796835723
26.3092968645
0.0
0.678375038217
0.559089937174
0.920066110751
0.996122445066
2.24338881832
3.80588134758
2.70428073016
3.60319158386
5.31407877742
5.94397712154
7.11717552755
7.39333972548
7.10845331727
9.48333830751
9.73159609585
10.1158909585
10.4786018973
9.90399466972
10.2163286869
13.2943229711
13.4746349029
15.3326478685
15.0626850033
16.5013056096
17.9232404804
18.5913203353
14.7592311465
16.0700115942
16.4689827998
18.955
24.0059246716
29.2568425783
20.9958347998
19.2865632407
16.599302068
17.5865347486
17.0855285073
15.6624279323
20.6102428069
28.0255397823
0.0
0.625494246712
0.583868579833
0.900701806941
1.08750342567
2.45866350291
3.02505372697
2.8200566064
2.93516069925
5.39542469924
6.63856983221
7.00269013032
7.94846393996
8.45815964333
8.34388617923
9.9774741887
10.6258200667
10.645253769
10.98864432
10.6623570585
11.0404102266
14.1662850455
13.2198666816
12.5229326681
16.0782995008
16.7060998866
17.1841489541
17.356056805
14.9385851278
15.5381483289
16.86
19.3654316166
29.2568425783
27.2537373122
20.3602136154
17.7521907051
16.1699722906
17.651234629
15.7547771536
22.0388000946
29.0989950905
0.0
0.630555444579
0.569908781152
0.972925426556
1.05123005932
2.55627793479
3.00623860358
2.58363008019
2.96438705045
5.56280957683
5.60536317509
7.29462789325
7.94846393996
8.06224578768
8.95111013719
8.72737820086
9.22558229919
10.9054645862
9.76493702225
11.1441979271
12.2580019368
12.5500455931
13.6394260663
14.5742710926
13.0359094106
15.0283053875
15.7112219009
16.7976484904
16.3141368068
15.4266421162
14.96
16.9911060913
18.8439290361
31.5019217853
25.8123444242
19.9317811632
18.1919535585
17.5308716244
17.2569911534
21.2206835862
34.3120026051
0.0
0.601933498022
0.593291443943
0.951991044059
1.1719087589
1.94357306327
3.19125398356
3.9619723541
3.54056368842
4.58822285963
6.42498257368
6.48178157294
7.11681717669
8.45815964333
7.86488082595
9.57630466879
9.87884283248
9.30326764428
11.0751690784
11.7627774205
10.3700507456
12.8439073117
13.3210104619
13.577906715
14.5774412878
14.2506877859
14.0497952546
15.658132336
14.7320176402
15.4266421162
15.8
15.724112427
19.2943604107
25.6416057685
24.6100796817
22.1113716213
19.108898552
19.0173547316
17.7064240304
25.5315282649
29.6710760631
0.584132043456
0.593291443943
1.0043270003
1.13005487465
2.10655430221
3.08568023566
2.70428073016
3.32762884396
4.87449793065
5.98912564773
6.8385943943
6.52426885786
7.15794254922
8.67048073829
8.23562201516
9.87884283248
10.1599167391
9.83292076101
11.0595502069
11.8851999806
11.1667453078
12.5380826816
13.577906715
14.1340983469
14.8000915262
14.1506206184
14.3460997918
16.0700115942
14.4085419137
15.69
15.5129468163
16.7454487498
23.7462619267
27.1320396764
18.9222866352
19.9670650204
18.247031502
19.7319502842
27.4383690498
35.4883039308
0.0
0.601933498022
0.493129888406
1.05195272048
1.30863144744
1.68733517959
2.98637819556
3.13691689925
3.10356015141
5.2358615449
6.12804418987
6.20320043969
7.22493125592
7.26142003422
8.15760631962
8.99396181731
8.58886000726
9.93186680943
10.657996136
10.8186297726
11.3653293627
12.3601105798
11.9199818025
13.4763166216
13.9225952925
14.5761038474
14.5670732078
14.6548133316
14.43155584
16.2265779896
13.93
15.9404284185
16.178435137
19.8303072649
24.6100796817
23.2699960228
19.5321039337
19.0173547316
22.2438491035
30.8492855693
0.543816984586
0.610741192294
0.972925426556
1.2109723842
2.00632519805
2.48464157187
2.50807108728
3.3638138502
4.97774467758
5.56542409423
6.34058291636
6.52426885786
7.26142003422
8.09712584572
8.06480144539
9.22558229919
9.6453425388
9.43428883827
10.8967661297
11.1190748595
11.6505420397
12.3582715168
12.0110748898
12.4176697131
13.7393196892
12.9407162532
15.1950620263
15.8305810971
14.8012377061
15.8
15.4099392013
13.5606339717
16.8565781337
22.4907385776
25.4782653027
24.9279725497
19.0173547316
21.234164284
33.5931224742
36.3110720712
0.0
0.555335572834
0.578982650294
1.05195272048
1.32607056588
1.75967444608
2.13133536603
2.63603389785
3.32762884396
5.56280957683
5.98912564773
5.48766670703
6.7113893796
7.05896408531
7.86488082595
8.35467877591
8.96097043761
9.11030231916
9.90399466972
9.42194238999
10.1648386596
11.6505420397
11.1333079563
12.7026689872
13.0359094106
12.6447383913
14.2514459821
14.8681888665
13.8588005334
15.7611607542
15.06
14.348960767
15.54253202
14.5309694542
17.3070203624
23.4764835398
25.627437
20.7566001485
27.0952615291
32.8631108206
0.543816984586
0.608298227525
0.968738550057
1.37559766223
1.64985821021
2.48464157187
3.1746963957
4.6247221449
5.39542469924
6.37288812038
6.29478875747
6.26230012743
6.86775568912
7.33507187458
7.53939878384
8.89757384577
9.37051313636
9.49918240709
10.3595786748
9.64838824322
10.3711684598
11.5154066816
11.2374272554
12.8528779212
13.5449152888
13.2037389413
14.3460997918
15.1545420467
13.9431246783
15.265
15.6159544313
14.949022444
15.5603372304
15.5791142907
18.2512022047
27.9491887465
24.6322888976
31.8050718153
0.0
0.525666481891
0.510928631725
1.0085138768
1.26328973951
1.49995033269
2.48464157187
3.13691689925
3.85231143457
5.93043056968
5.94397712154
5.67084334259
6.57000942984
7.00947485335
6.95767371745
7.74386582947
7.53592530804
8.35305960393
9.43428883827
9.30148217284
10.5855234359
11.0914880384
10.7025103739
11.9290213528
12.7633958597
11.9220611637
13.8525282385
13.860329957
14.0465891586
14.9030477264
14.195
14.081140968
15.54253202
14.1878468621
16.1830426264
17.6317396534
24.9279725497
28.0505982291
33.9906700527
0.508388599518
0.569908781152
0.977635662618
1.10005959094
1.35875802944
2.40624522442
3.04673358513
4.98796393841
6.69539510372
5.33794498148
5.9055384069
6.30388246559
6.11192014652
7.28668749546
7.69210202045
7.58278365853
8.80623574625
9.12218167395
8.6340674562
10.301646717
9.67593463772
10.3054273849
11.7688215901
11.6977458549
12.4756910866
13.2037389413
12.4892786478
13.952694846
15.0048577466
13.34
15.2039239713
15.54253202
14.2695427174
16.4011278588
15.5840717757
17.9450837525
29.8018799465
33.608959938
0.511879080806
0.657506517875
0.994906528178
0.818243437019
1.06678629123
1.90137274684
3.37334342545
5.6963550223
6.51705981358
5.33794498148
5.70900514167
6.22071778927
5.89371762381
7.28668749546
7.64033821143
7.7757298076
8.57526209952
8.60921346329
8.6340674562
10.0314508037
9.27814621373
10.8411148135
11.7688215901
11.8482384128
12.813785696
13.1160647119
12.5664570328
11.2860963694
14.9030477264
14.96
15.2039239713
15.6432166802
14.7978425814
16.5073745105
15.6815797698
18.1919535585
23.3925499499
0.492332385596
0.539895213988
1.03729865274
0.815453178069
1.08944678435
1.83761038425
4.69806318827
5.90233121172
5.08568445846
5.09310105097
5.06025455739
5.94003700666
5.79024013881
6.30206538037
7.39446011858
7.05355993536
8.24780579023
8.7729924703
8.28245384939
9.58682461742
10.2385723185
9.58618272551
11.0928567378
11.9295857414
11.7741447721
12.769751506
12.257743493
12.7555423609
14.3115799897
13.34
15.2039239713
15.3358635069
15.2662321515
17.5474733109
17.8726417567
17.0105052013
27.5089647083
35.6098597328
37.7403438513
0.522176000604
0.530123354911
1.07707397948
0.8886974755
1.5321979575
1.84492737667
5.16847885381
6.89185195954
4.80879545534
4.36725166832
5.28159299202
5.94003700666
5.49780376816
6.53189118119
7.25469783422
6.85234466561
8.57526209952
8.60921346329
8.95637992912
10.5136992058
11.1667453078
11.6727414508
12.3471036603
11.7709584506
12.4756910866
14.1506206184
12.8070719977
15.2625205062
15.7611607542
15.16
17.367083886
16.5122842735
17.3304140942
18.7161864792
21.3944010759
23.8464476855
21.912084993
30.4875562581
0.567377733276
0.61353315203
1.06713014779
1.10424497937
1.59930787942
2.07175414196
4.47260490297
5.74645733864
3.82325832558
4.4957513198
5.98758627492
6.66356969071
6.91499541053
6.4931836779
7.49022316527
8.08444364611
10.0839000959
11.0751690784
12.0460217149
11.9775454193
13.4746349029
14.5609582861
13.8943989291
15.5495418648
17.4499080273
16.6186501748
23.2034544417
22.102721176
26.7663391338
27.295
28.4352521158
29.7318449215
30.5263406005
25.2942854231
0.640405764491
1.23722200558
1.9190005927
3.44526651081
3.63236409855
4.40313937723
2.19475980214
2.20259726777
4.29258295193
10.9518042138
11.8306185516
11.6897802602
16.3289597088
25.9691067358
21.2529776473
32.8530821139
0.603412297986
0.972925426556
1.9803862896
3.66315586768
3.68880946872
4.65906499838
2.50929101031
2.89560194789
4.3915624132
9.54808212864
12.9137907871
12.6873095909
13.2388621999
0.0
0.576888680492
0.88971125613
2.11501628392
3.22476248166
4.55744099847
5.46462135829
2.30888174493
2.28237884494
3.57367949639
8.80774322658
14.1596885494
12.9513050169
12.1308000295
0.766392947587
1.04671912486
2.03200608017
2.96068058114
4.20413479263
5.97403521372
2.32836597906
2.3496456649
3.85325306243
7.60755464566
12.9137907871
12.5579000684
13.2388621999
