54.8216781043
40.6483709858
47.7893395108
40.7206765103
36.3049527285
38.4294562126
40.4099186338
22.5718426815
18.3729878701
16.6643334713
14.404855911
16.0455184914
16.4620506412
16.1722409925
16.0588471862
14.5433577469
14.711515254
16.2939919829
14.7316856976
15.9822839973
16.5118447249
16.3295129092
15.9347717305
16.6971484052
14.755394115
17.2164451103
16.256192331
16.9830097007
16.4670529673
14.7116344529
14.3293423142
15.4725331373
12.8813200755
9.36903757513
8.49242663608
7.70664432551
7.51727129855
7.17435309215
6.09502503065
6.45163343571
6.25959649498
5.90131876132
5.45713071805
4.95314594934
4.81613921104
3.92921093469
3.55713966938
3.71775895795
2.98256044083
2.84945138831
2.46996785186
2.01145621785
1.81963100496
1.39385637101
0.993192284895
0.994647395241
0.606538587784
2.2673583255e-15
-0.691271805063
-1.20361270841
-1.60601305643
-2.26630466632
-2.53375034276
-3.23027103972
-3.59093479726
-3.63479801914
-4.64022316518
-5.11662134415
-5.01344354881
-6.08526049916
-6.62828358759
-7.27366742826
-7.37642984495
-7.32914473577
-7.6359015201
-9.10532416964
-8.65679515137
-9.62306421797
-10.4888874645
-10.6100091336
-11.066705485
-12.1449003539
-12.5358759507
-16.3661755367
-17.0923793033
-18.7571027579
-17.383745971
-16.9830097007
-11.9296612676
-12.3369737013
-10.9901136102
-12.4072148275
-12.8619196137
-11.9707311933
-13.2165878451
-13.7328805971
-12.3394136407
-14.1163955408
-15.6160440795
-19.1956507098
-20.3640421031
-18.3613768291
-17.7155062737
-19.6088278959
-18.0060698887
-18.7281639671
-19.1310965928
-18.7545457574
-18.812041667
-18.5550948716
-16.7525020173
-18.4362444619
-18.3687248592
-17.5698453759
-18.3273706685
-16.861968025
-16.2666742147
-18.5413618846
