19.9534590225
17.2542098034
33.4624557715
29.5853032538
27.3577441674
30.0243817734
32.7233068924
18.9400248691
15.9713946895
15.0046332531
13.4327454506
15.4949770931
16.4620506412
16.7468457897
17.2210052416
16.1520351213
16.9236623706
19.4184234834
18.1921167789
20.4563906657
21.9119580376
22.4756463384
22.7572124848
24.754540511
22.721314425
27.5520715773
27.0548473577
29.415435667
29.7073499415
27.6685602641
28.1229177628
31.7233941304
27.6240800472
21.0432029298
20.0069033822
19.074614054
19.5831612562
19.7113731199
17.7012379937
19.856086013
20.4742175863
20.5803442859
20.3662891033
19.8659833346
20.8609907998
18.4854840698
18.2998971715
21.0844587879
18.8311455009
20.2749001338
20.1162738515
19.1377275404
20.7984775584
19.9330747716
18.9512377453
28.4829747373
34.7485724217
37.0287715133
39.6029351885
34.4669583725
30.6445546519
32.409666669
28.9608989399
30.7339759578
29.2458169891
25.8629317723
29.2972160376
29.017801607
25.7919311429
28.6288997684
28.7102504476
29.1730866381
27.5292109598
25.5597652125
24.9759084815
28.0233062975
25.1411586444
26.4391516448
27.3244860345
26.2606941213
26.0715242987
27.2778928103
26.8832727309
33.5556325749
33.5456831848
35.27697957
31.3611078971
29.415435667
19.854290479
19.7432849981
16.9232908967
18.3944524312
18.3687248592
16.4762979893
17.5390044594
17.5772856061
15.2379068182
16.8232651002
17.9642037548
21.3189299086
21.837761561
19.0137623095
17.7155062737
18.9360249862
16.7909318133
16.8629145783
16.630408548
15.736932428
15.2336909738
14.4968289217
12.6239157445
13.3947156583
12.8619196137
11.8510103456
11.9019336755
10.5365270317
9.77400393819
10.7048602752
